1
0
0
0
0
0
0
0
0
0
0
0
0
0
0
0
0
0
0
-1
0
0
0
0
0
0
0
0
0
0
0
0
0
0
0
0
0
0
0
0
0
0
0
0
0
0
0
0
0
0
0
0
0
0
0
0
0
1
0
0
1
1
0
1
1
1
1
1
0
0
0
0
0
0
0
0
0
0
0
0
0
0
0
0
0
0
0
0
0
0
0
0
0
0
1
1
1
0
0
0
0
0
0
0
0
0
0
0
0
0
0
0
0
0
0
0
0
0
0
0
0
-1
-1
0
0
0
0
0
0
0
1
1
1
1
1
1
0
0
0
0
0
0
0
0
0
0
0
0
0
0
0
0
0
0
0
0
0
0
0
1
1
1
0
0
0
0
0
0
0
0
0
0
0
0
-1
-1
-1
-1
-1
-1
-1
-1
0
0
0
0
0
0
0
0
0
0
0
0
0
0
-1
-1
-1
-1
-1
0
0
0
0
0
0
0
0
0
0
0
0
0
0
0
0
0
0
0
0
0
0
0
0
0
0
0
0
0
0
0
0
0
0
0
0
0
0
0
0
0
0
0
0
0
0
0
0
0
0
0
0
0
0
0
0
0
0
0
0
0
0
0
0
0
0
0
0
0
0
0
0
0
0
0
0
0
0
0
0
0
0
0
0
0
0
0
0
0
0
0
0
0
0
0
1
1
0
1
1
1
1
0
0
0
0
0
0
-1
0
0
0
0
-1
0
0
0
0
0
0
0
0
1
1
1
0
0
1
1
0
0
0
0
0
0
0
-1
0
0
0
0
0
0
0
0
0
0
0
1
1
1
1
1
1
1
0
0
0
0
0
0
0
0
0
0
0
0
0
0
1
1
1
1
0
0
0
1
1
1
1
0
0
0
0
0
0
0
0
-1
-1
0
-1
0
0
1
0
1
-1
1
-1
2
-4
-23
-15
-11
-12
-3
1
6
2
0
1
5
7
6
7
7
4
0
-3
-1
2
0
-1
0
1
-1
-3
-2
0
1
2
2
3
2
1
0
1
2
3
3
4
5
4
3
3
3
4
3
3
4
4
3
3
4
4
4
4
4
3
2
1
0
-1
-1
-1
0
0
0
0
0
1
2
2
3
3
3
3
2
2
2
2
1
0
0
-1
-1
-1
-1
-2
-2
-2
-2
-1
-2
-1
-1
0
0
0
0
0
0
0
1
1
1
1
1
1
0
0
0
0
0
0
0
0
0
-1
-1
0
0
0
-1
0
0
0
0
0
0
0
0
0
1
1
1
1
1
1
1
1
1
1
1
1
0
0
-1
0
0
0
0
0
0
0
0
0
0
0
1
1
1
1
1
0
0
0
0
0
0
0
0
0
-1
-1
-1
-1
0
0
0
0
0
-1
-1
-1
-1
-1
0
0
1
1
0
0
0
0
0
1
1
1
0
0
0
0
0
0
0
0
0
0
-1
-1
0
-1
0
0
0
-1
-1
0
0
0
0
0
1
1
0
0
0
0
0
0
0
0
0
0
0
0
-1
-1
0
0
0
0
0
0
0
0
0
0
0
0
0
0
0
1
0
-1
-1
-1
0
0
-1
0
0
-1
-1
-1
-1
-1
0
-1
-1
-1
0
0
-1
0
0
0
0
0
0
1
1
0
0
0
-1
0
-1
0
0
0
0
0
0
-1
-2
-1
0
0
1
1
1
0
-1
-1
-1
0
1
1
1
0
-1
0
0
0
1
1
1
1
0
-1
0
0
0
0
-1
-1
-1
-2
-2
-1
-1
0
0
-1
-1
-1
-1
-1
0
0
1
1
0
0
-1
-1
0
0
0
0
0
-1
-1
-1
0
0
0
0
-1
-1
-1
-2
-1
-1
-1
0
-1
-1
-1
-2
-1
-1
-1
0
0
0
0
-1
-1
-1
-1
-1
0
-1
0
0
0
0
-1
0
-1
-1
0
0
0
-1
-1
0
-1
0
0
-1
0
0
-1
-1
0
0
-1
0
0
0
-1
-1
0
-1
-1
-1
0
0
0
0
0
0
0
0
0
0
1
1
0
0
0
0
0
0
1
0
-1
-1
-1
-1
0
0
0
0
0
0
0
0
0
0
0
0
0
0
0
0
0
-1
-1
-1
-1
0
-1
-1
0
0
0
0
0
0
0
0
-1
0
0
0
0
0
0
0
0
0
-1
-1
-1
-1
-1
0
0
0
0
-1
-1
-1
0
0
-1
0
0
-1
0
0
0
0
-1
0
0
-1
0
0
-1
0
0
-1
0
0
0
0
0
0
-1
-1
-1
-1
0
0
0
0
0
-1
-1
-1
0
0
0
0
0
-1
-1
-1
0
0
0
0
0
0
0
-1
-1
0
0
0
0
0
0
0
-1
-1
-1
-1
-1
0
0
0
0
1
0
0
0
0
0
0
0
0
0
0
0
0
0
0
0
0
0
0
0
0
0
0
0
0
0
0
0
0
0
0
0
0
0
0
0
0
0
0
0
0
0
0
0
0
0
0
0
0
0
0
0
0
0
0
0
0
0
0
0
0
0
0
0
0
0
0
0
0
0
0
0
0
0
0
0
0
0
0
0
0
0
0
0
0
0
0
0
0
0
0
0
0
0
0
0
0
0
0
0
0
0
0
0
0
0
0
0
0
0
0
0
0
0
0
0
0
0
0
0
0
0
0
0
0
0
0
0
0
0
0
0
0
0
0
0
0
0
0
0
0
0
0
0
0
0
0
0
0
0
0
0
0
0
0
0
0
0
0
0
0
0
0
0
-1
-1
-1
-1
-1
-1
-1
-1
-1
-1
-1
-1
-1
-1
-1
-1
-1
-1
-1
-1
-1
-1
-1
-1
-1
-1
-1
-1
-1
-1
-1
-1
-1
-1
-1
-1
-1
-1
-1
-2
-1
-1
-1
-1
-1
-1
-1
-1
-1
-1
-1
-1
0
0
0
0
0
0
0
0
0
0
0
0
0
1
1
1
1
1
1
1
1
1
1
1
1
1
1
1
1
1
1
1
1
1
1
1
1
1
1
1
1
1
1
1
1
1
1
1
0
0
0
0
0
0
0
0
0
0
0
0
0
0
0
0
0
0
0
0
0
0
-1
-1
0
0
0
0
0
0
0
0
0
0
0
0
0
0
0
0
0
-1
0
-1
-1
0
-1
-1
0
-1
-1
-1
-1
-1
-1
-1
-1
-1
-1
-1
-1
-1
-1
-1
-1
-1
-1
-1
-1
-1
-1
-1
-1
-1
-1
-1
-1
-1
-1
-1
-1
-1
-1
-1
-1
-1
-1
0
-1
-1
-1
-1
0
-1
0
0
0
0
-1
-1
-1
-1
-1
-1
-1
-1
-1
-1
-1
-1
-1
-1
-1
-1
-1
-1
-1
-1
-1
-1
-1
-1
-1
-1
-1
-1
-1
-1
-1
-1
-1
-1
-1
-1
-1
-1
-1
-1
-1
0
0
0
0
0
0
0
0
0
0
0
0
0
0
0
0
0
0
0
0
0
0
0
0
-1
0
0
0
-1
-1
-1
-1
-1
-1
-1
-1
-1
-1
-1
-1
-1
-1
-1
-1
-1
-1
-1
-1
-1
-1
-1
-1
-1
0
0
0
0
0
0
0
0
0
0
0
0
0
0
0
0
0
0
0
0
0
0
0
0
0
0
0
0
0
0
0
0
0
0
0
0
0
0
0
0
0
0
0
0
0
0
0
0
0
0
0
0
0
0
0
0
0
0
0
0
0
0
0
0
0
0
0
0
0
0
0
0
0
0
0
0
0
0
0
0
0
0
0
0
0
0
0
0
0
0
0
0
0
0
0
0
0
0
0
0
0
0
0
0
0
0
0
0
0
0
0
0
0
0
0
0
0
0
0
0
0
0
0
0
0
0
0
0
0
0
0
0
0
0
0
0
0
0
0
0
0
0
0
0
0
0
0
0
0
0
0
0
0
0
0
0
0
0
0
0
0
0
0
0
0
0
0
0
0
0
0
0
0
0
0
0
0
0
0
0
0
0
0
0
0
0
0
0
0
0
0
0
0
0
0
0
0
0
0
0
0
0
0
0
0
0
0
0
0
0
0
0
-1
-1
1
0
0
0
0
0
0
-1
0
0
0
0
-1
0
0
0
0
0
0
0
0
0
0
0
0
0
0
0
0
0
0
0
0
0
0
0
0
0
0
0
0
0
0
0
0
0
0
0
0
0
0
0
0
0
0
0
0
0
0
0
0
0
0
0
0
0
0
0
0
0
0
0
0
0
0
0
0
0
0
0
0
0
0
0
0
0
0
0
0
0
0
0
0
0
0
0
0
0
0
0
0
0
0
0
0
0
0
0
0
0
0
0
0
0
0
0
0
0
0
0
0
0
0
0
0
0
0
0
0
0
0
0
0
0
0
0
0
0
0
0
0
0
0
0
0
0
0
0
0
0
0
0
0
0
0
0
0
0
0
0
0
0
0
0
0
0
0
0
0
0
0
0
0
0
0
0
0
-1
0
0
-1
0
0
-1
0
0
-1
0
0
0
0
0
0
0
0
0
0
0
0
0
0
0
0
0
0
0
0
0
0
0
0
0
0
0
0
0
0
0
0
0
0
0
0
0
0
0
0
0
0
0
0
0
0
0
0
0
0
0
0
0
0
0
0
0
0
0
0
0
0
0
0
0
0
0
0
0
0
0
0
0
0
0
0
0
0
0
0
0
0
0
0
0
0
0
0
0
0
0
0
0
0
0
0
0
0
0
0
0
0
0
0
0
0
0
0
0
0
0
0
0
0
0
0
0
0
0
0
0
0
0
0
0
0
1
0
-1
0
0
0
0
0
1
0
0
0
0
0
0
0
0
1
0
0
0
0
0
0
0
0
1
1
1
0
1
-1
1
-1
1
-1
2
-1
1
-1
0
1
1
71
62
-35
-68
-43
-15
21
29
-2
14
36
6
-30
-39
-33
-1
28
17
5
10
4
-8
-16
-26
-18
8
18
13
9
1
-6
-7
-12
-15
-5
8
12
12
5
-4
-6
-7
-9
-7
1
7
10
8
0
-5
-4
-4
-5
-1
2
5
7
4
-2
-4
-4
-3
-1
2
2
4
5
3
0
-4
-5
-2
1
1
3
4
3
1
-2
-5
-2
1
0
1
2
2
1
0
-1
-2
-1
-1
1
2
0
0
1
-1
-1
-1
-1
-1
1
1
0
0
0
-1
-1
-1
-1
0
0
1
0
-1
-1
0
-1
-1
-1
0
0
0
1
-1
-1
-1
-1
0
0
1
1
0
0
1
-1
0
0
-1
-2
-1
0
1
1
0
1
0
-1
-2
-1
-1
1
1
1
0
0
0
0
0
-2
-1
0
0
1
1
0
-1
0
0
-1
0
1
1
0
0
0
0
0
0
0
0
0
0
0
1
0
-1
-1
0
1
0
0
0
1
0
0
0
-2
-1
0
2
0
2
-1
0
-2
1
0
-2
4
4
68
27
-65
-42
-10
17
49
38
-5
9
15
-13
-13
-4
11
34
34
9
3
-8
2
35
19
-1
12
6
-14
-14
-27
-32
-23
-42
-82
-98
-97
-88
-83
-75
57
151
97
22
-54
-105
-61
-1
-1
34
71
61
40
8
-37
-37
4
26
47
60
35
33
40
20
14
20
26
41
52
33
12
-4
-17
-22
-33
-48
-42
-40
-51
-65
-91
-111
-142
-27
147
135
60
-12
-87
-69
-2
-12
-7
50
66
66
50
-12
-42
-9
11
26
40
22
18
35
27
25
34
28
33
41
25
18
20
7
2
2
-3
-15
-33
-56
-57
-64
-65
-79
-98
-130
-142
32
157
116
47
-39
-89
-43
1
-20
2
41
58
72
45
-8
-22
-8
1
19
26
17
26
46
49
44
31
15
20
31
22
24
25
18
14
1
-18
-35
-45
-57
-54
-58
-68
-92
-116
-160
-121
55
136
114
62
-23
-65
-30
-19
-33
0
28
52
78
58
17
1
-14
-11
10
15
20
39
55
56
45
23
11
18
23
17
23
33
28
13
-2
-21
-38
-39
-48
-52
-51
-61
-86
-98
-139
-142
-28
52
88
85
37
-3
2
11
-3
-6
-12
-7
18
38
40
37
27
21
22
19
15
20
35
38
40
37
28
26
23
16
15
20
20
18
11
-2
-25
-43
-56
-64
-68
-64
-80
-98
-124
-156
-80
8
55
82
59
30
24
28
22
13
-6
-13
-7
8
27
32
32
29
30
32
36
43
38
38
35
30
28
23
20
18
16
13
15
13
6
-5
-23
-41
-55
-57
-73
-71
-88
-111
-140
-157
-73
-2
58
87
58
40
35
34
32
26
-2
-11
-4
2
23
30
25
32
36
46
58
53
43
35
29
23
24
19
16
14
15
17
14
7
-2
-16
-30
-45
-58
-58
-65
-75
-100
-123
-165
-144
-43
20
84
94
51
35
34
26
37
27
-7
-5
-5
-1
24
27
19
32
38
42
56
60
48
42
35
21
23
21
12
10
10
9
12
10
1
-11
-27
-41
-49
-55
-63
-77
-105
-120
-163
-144
-58
-13
55
80
48
46
50
35
51
41
2
4
-2
-11
13
18
10
31
43
50
64
63
49
44
36
27
23
15
12
8
8
7
5
0
-3
-13
-24
-37
-42
-47
-61
-72
-105
-122
-162
-146
-73
-26
46
71
50
52
55
45
64
55
18
14
-1
-12
6
9
5
25
35
46
63
60
52
50
40
34
28
16
10
3
-3
-5
-5
-7
-7
-15
-24
-31
-36
-41
-51
-70
-98
-119
-157
-140
-82
-39
29
52
40
52
55
52
72
65
37
28
7
-5
2
-1
2
13
21
41
50
55
62
53
50
47
31
24
14
0
-3
-10
-15
-13
-15
-20
-20
-27
-29
-31
-48
-64
-88
-115
-143
-128
-88
-50
6
27
26
44
55
60
82
78
56
42
23
5
1
-5
-9
-4
3
20
35
46
57
58
54
55
46
32
23
5
-6
-12
-19
-20
-22
-27
-27
-27
-30
-25
-36
-46
-66
-86
-114
-128
-96
-74
-29
4
8
21
39
49
70
86
74
63
41
24
12
1
-6
-11
-13
-3
14
27
44
54
55
58
56
48
39
24
8
-3
-14
-18
-21
-26
-28
-32
-31
-28
-28
-32
-44
-64
-81
-110
-113
-87
-71
-29
-3
-3
19
33
41
71
79
71
67
44
29
18
2
-4
-14
-21
-9
-1
15
38
46
55
60
54
53
44
31
21
3
-9
-12
-20
-23
-26
-33
-29
-31
-28
-28
-40
-47
-61
-87
-104
-90
-82
-51
-17
-13
0
16
27
48
70
74
71
55
42
30
12
6
-6
-18
-18
-10
-1
15
31
40
47
51
55
50
43
37
20
8
2
-9
-12
-14
-21
-25
-27
-25
-26
-27
-33
-41
-58
-64
-88
-96
-76
-73
-38
-18
-13
8
19
28
51
61
61
62
46
36
24
9
6
-6
-14
-9
-9
0
15
22
32
42
44
49
49
42
34
23
13
7
1
-3
-8
-13
-17
-21
-20
-22
-26
-30
-37
-45
-54
-65
-83
-78
-69
-60
-29
-19
-11
5
14
25
43
51
53
49
38
32
21
12
8
-2
-8
-5
-4
3
13
20
28
32
37
42
41
38
35
23
16
12
5
4
-1
-5
-9
-13
-15
-20
-20
-25
-31
-35
-46
-52
-64
-77
-65
-57
-38
-14
-13
-3
6
10
25
36
41
36
50
66
41
15
2
-8
-17
-16
-10
-1
21
35
47
54
49
52
49
48
45
22
11
4
4
8
6
0
-4
-15
-32
-41
-51
-68
-85
-91
-115
-126
-161
-149
-48
39
120
119
55
0
-28
-27
-5
-3
-9
1
9
39
57
45
28
10
5
15
19
24
32
38
51
59
53
49
38
26
28
23
25
26
16
3
-20
-50
-58
-47
-54
-61
-80
-118
-134
-189
-163
-23
69
148
131
34
-22
-48
-39
-4
0
0
19
29
59
65
38
13
-8
-8
20
29
29
32
26
46
58
55
51
30
29
37
34
35
18
9
10
5
-11
-40
-54
-41
-47
-70
-97
-148
-154
-181
-136
23
102
144
110
5
-38
-38
-33
-8
-7
-9
23
43
60
57
20
-3
-5
4
28
26
20
22
28
51
63
53
50
36
22
27
22
28
30
18
13
-4
-31
-51
-60
-49
-50
-67
-102
-139
-174
-179
-60
61
124
125
47
-14
-30
-34
-22
-15
-18
13
41
58
58
26
-1
-4
-1
14
21
18
27
34
37
41
40
34
46
48
40
31
19
17
22
21
10
-3
-27
-42
-45
-41
-59
-88
-115
-133
-162
-169
-52
60
130
135
47
-25
-46
-43
-21
-4
-12
13
37
52
61
28
-3
-8
-3
14
27
21
20
23
31
38
41
40
43
45
47
35
20
17
11
14
13
-1
-21
-47
-54
-41
-65
-88
-113
-144
-174
-143
-3
87
140
107
10
-40
-42
-32
-15
-3
-10
24
47
56
49
12
-16
-11
3
18
30
19
17
25
34
36
44
40
40
44
39
29
20
17
11
14
9
-4
-29
-51
-53
-56
-72
-107
-132
-172
-177
-37
84
128
126
33
-38
-40
-29
-24
-8
-10
4
52
61
46
21
-9
-15
6
18
16
16
18
26
36
37
30
41
46
41
45
32
15
19
19
12
12
-1
-22
-44
-51
-64
-80
-104
-132
-172
-177
-22
94
135
124
26
-44
-51
-26
-30
-8
-2
15
58
64
51
14
-10
-21
2
15
16
22
20
30
35
34
24
34
48
48
45
29
17
18
19
13
4
-7
-26
-45
-50
-66
-97
-125
-146
-187
-116
54
130
136
71
-10
-53
-33
-14
-29
-13
4
42
66
63
27
-11
-11
-6
15
14
10
14
23
35
38
29
19
34
46
47
40
26
15
13
17
15
4
-9
-35
-57
-67
-80
-104
-135
-179
-171
-13
136
156
92
7
-47
-54
-15
-17
-28
-6
35
66
66
44
0
-22
-10
8
13
13
16
25
36
36
29
16
12
31
48
52
42
26
9
5
9
2
-5
-18
-42
-57
-72
-102
-136
-185
-173
-11
141
157
80
2
-40
-51
-23
-14
-22
-9
36
72
59
33
1
-20
-14
12
19
5
12
27
31
26
27
22
19
38
51
38
17
14
15
13
14
8
-10
-30
-39
-60
-96
-124
-151
-180
-101
66
158
124
33
-13
-38
-44
-32
-25
-11
16
61
71
46
13
-6
-5
-3
9
8
6
14
29
37
26
19
13
20
28
36
43
31
16
9
15
8
-6
-10
-22
-47
-74
-94
-117
-161
-169
-55
99
153
96
17
-17
-37
-44
-34
-18
-1
25
64
68
36
4
-5
1
1
3
6
10
19
31
36
26
22
33
38
26
14
16
18
18
16
10
0
-13
-33
-60
-87
-117
-134
-165
-135
12
129
136
58
9
-7
-36
-49
-48
-18
10
46
72
60
31
4
7
4
-2
-3
4
19
25
34
32
34
43
39
24
8
8
12
15
10
5
1
-10
-34
-65
-96
-122
-135
-163
-116
30
141
129
39
5
3
-16
-53
-62
-26
12
50
64
58
34
16
15
6
-4
-10
6
25
38
43
39
37
29
22
12
6
11
17
16
-1
-18
-29
-45
-71
-108
-125
-131
-144
-74
65
143
93
11
11
26
-9
-67
-66
-13
28
45
45
49
42
33
25
10
-1
0
25
35
25
23
38
45
21
8
12
22
15
1
-7
-20
-35
-64
-97
-131
-135
-142
-109
14
102
103
42
33
49
12
-45
-71
-27
7
21
28
39
53
46
40
20
9
18
29
21
7
20
37
37
25
18
22
21
13
-3
-13
-22
-46
-79
-117
-137
-155
-155
-53
68
109
68
38
66
54
-5
-65
-58
-13
9
12
17
44
59
56
38
21
24
33
19
0
12
37
37
16
13
28
28
11
-5
-8
-18
-49
-95
-136
-146
-161
-137
-24
76
88
48
60
87
52
-18
-54
-27
-8
-10
-11
14
41
48
49
46
45
46
36
10
4
22
27
12
6
25
34
21
0
-8
-13
-42
-86
-132
-146
-168
-137
-22
41
52
42
84
107
54
5
-22
-6
-16
-26
-20
-6
22
29
41
44
59
70
42
22
23
35
14
-11
1
18
16
-2
-3
-3
-27
-59
-99
-128
-164
-153
-47
5
3
21
75
108
62
32
24
22
7
-21
-20
-14
1
4
7
25
49
68
47
38
57
56
24
-3
10
12
-8
-20
-15
-12
-37
-70
-96
-113
-146
-115
-32
-19
-18
12
66
80
54
47
43
42
23
1
-7
-5
-1
-8
-8
13
42
42
31
52
67
52
31
26
24
3
-12
-22
-30
-47
-70
-96
-115
-131
-115
-46
-38
-35
9
41
58
47
57
60
48
46
25
18
11
1
-5
-13
3
19
15
17
40
54
46
42
45
37
20
3
-14
-31
-54
-81
-104
-113
-125
-96
-55
-54
-27
-4
25
45
33
54
63
56
57
43
38
32
17
9
1
6
6
-7
5
18
12
15
17
15
15
8
-2
-6
-14
-23
-32
-38
-39
-35
-29
-34
-34
-24
-24
-23
-17
-12
-7
-2
2
8
15
20
24
27
27
28
30
30
29
27
26
23
21
18
15
13
12
9
5
1
-3
-8
-13
-18
-23
-28
-32
-36
-40
-42
-41
-40
-36
-31
-25
-17
-8
-1
8
16
23
28
31
34
36
36
34
33
33
31
28
24
22
19
14
9
4
0
-6
-11
-16
-20
-25
-30
-35
-37
-39
-42
-42
-41
-39
-34
-29
-23
-14
-6
3
12
19
25
30
33
36
37
36
36
35
33
29
26
22
17
12
6
2
-3
-7
-12
-15
-18
-20
-23
-24
-26
-27
-28
-29
-29
-29
-28
-26
-22
-17
-12
-6
0
7
13
18
22
25
26
28
28
28
26
24
22
20
17
14
10
7
4
-1
-4
-7
-10
-11
-14
-14
-15
-15
-16
-17
-17
-16
-16
-16
-15
-14
-12
-10
-7
-5
-2
2
5
7
9
11
12
13
14
14
14
14
14
14
13
12
11
8
6
4
1
-1
-4
-6
-7
-9
-10
-11
-11
-11
-11
-10
-10
-8
-7
-6
-5
-4
-2
-1
-1
0
1
2
2
3
3
4
5
5
6
7
7
7
6
6
5
4
3
2
0
-1
-2
-3
-4
-5
-5
-6
-6
-6
-6
-5
-5
-4
-4
-3
-2
-1
-1
0
1
2
3
3
3
4
4
4
4
3
3
3
3
2
2
2
1
0
0
0
-1
-1
-2
-1
-2
-2
-2
-2
-1
-1
-1
-1
-1
0
0
0
0
1
1
1
1
1
1
1
1
1
1
1
1
1
1
1
1
0
0
0
0
0
0
0
-1
0
0
0
0
0
0
0
1
1
1
1
1
1
1
1
1
1
0
1
0
0
0
0
-1
0
-1
0
0
-1
0
-1
1
-2
3
-2
7
-2
34
33
-29
11
-9
-6
11
-14
10
-16
-2
-2
-15
13
-15
36
13
-20
24
-17
6
-1
-3
10
-11
10
-10
-3
4
-9
5
-8
-2
-2
-4
-3
-1
7
-12
-1
8
-6
-2
6
-9
14
-13
-2
15
-17
9
-2
0
-7
8
-9
-2
9
-11
5
-6
0
9
-11
2
13
-13
8
-7
11
-5
-5
13
-14
8
9
-15
6
15
-30
34
-15
-6
34
-28
41
36
4
6
-14
-18
-11
-11
0
-9
-8
11
1
-5
5
2
9
4
-16
26
-23
9
-3
-20
28
-37
17
-9
1
-1
-6
15
-20
15
-12
12
-7
-7
16
-17
4
0
-8
-2
2
-1
-10
14
-6
-5
12
-8
5
1
-3
2
5
-10
5
6
-6
4
-6
8
9
-17
7
16
-21
9
3
-10
5
-4
-4
9
-10
3
14
-27
22
-1
-8
7
-5
6
-9
6
-9
13
1
12
8
1
19
-20
7
11
-17
2
15
-24
-8
24
-30
5
18
-22
26
-3
-13
27
-17
-1
16
-18
10
2
-19
11
2
-22
8
12
-17
4
1
4
-2
-4
2
2
-5
-7
12
-16
11
-4
-9
7
0
5
-18
14
-2
-3
-10
2
20
-31
7
14
-14
1
4
-4
0
17
-8
-21
39
-15
-31
39
-11
-14
-1
4
8
-13
-9
23
-9
-22
30
-9
-9
-3
1
7
-18
-3
13
-2
-13
11
-4
2
-1
-8
1
-9
2
-2
-9
0
-7
-9
-4
-18
-12
-18
-12
-36
-34
-10
-24
-14
-19
-8
-1
1
7
17
30
31
32
29
30
24
18
12
6
5
2
1
-2
-3
-3
-3
2
5
9
10
11
15
15
16
17
16
17
15
13
12
11
8
6
5
3
1
1
0
-2
-3
-3
-3
-5
-5
-4
-4
-4
-3
-3
-3
-3
-3
-4
-3
-4
-4
-4
-5
-4
-4
-4
-4
-3
-3
-2
-2
-1
0
0
-1
0
0
-1
-2
-3
-2
-3
-4
-4
-4
-5
-5
-5
-5
-5
-5
-5
-4
-3
-3
-2
-1
0
1
2
3
3
4
4
4
4
3
3
2
2
1
0
0
-1
-1
-1
-1
-1
-1
-1
-1
0
0
0
1
1
1
2
2
2
2
3
3
2
2
3
2
2
2
1
1
1
1
0
0
0
0
0
-1
0
0
-1
-1
-1
-1
-1
-1
-1
-1
-1
-1
0
0
0
0
0
1
1
1
1
1
1
1
1
1
1
0
0
0
0
-1
-1
-1
-1
-1
-2
-2
-2
-1
-1
-1
-1
-1
0
0
0
0
1
0
1
1
1
1
1
0
0
0
0
0
0
-1
0
-1
-1
-1
-1
-1
0
-1
0
0
0
0
0
0
0
0
0
0
0
0
0
0
0
0
1
0
1
1
1
0
0
0
0
0
0
0
0
0
0
0
0
0
0
0
0
0
0
0
0
0
0
0
0
0
0
0
0
0
0
0
0
0
0
0
0
0
0
0
0
0
0
0
0
0
0
0
0
0
0
0
0
0
0
0
0
0
0
0
0
0
0
0
0
0
0
0
0
0
0
0
0
0
0
0
0
0
0
0
0
0
0
0
0
0
0
0
0
0
0
1
0
0
0
0
0
0
0
0
0
0
0
0
0
0
0
0
0
0
0
0
0
0
0
0
0
0
0
0
0
0
0
0
0
0
0
-1
0
0
0
0
0
0
0
0
0
0
0
0
0
0
0
0
0
0
0
0
0
0
0
0
0
0
1
0
0
0
0
0
0
0
0
0
0
0
1
1
1
0
0
1
0
0
0
0
0
0
0
0
0
0
0
0
0
0
0
0
0
0
0
0
0
0
0
0
0
0
0
0
0
-1
0
-1
-1
-1
-1
0
-1
0
-1
-1
-1
-1
0
0
0
0
-1
0
0
0
0
0
0
0
0
0
0
0
0
0
0
0
0
0
0
0
0
0
0
0
0
0
0
0
0
0
0
0
0
0
0
0
0
0
0
0
0
0
0
0
0
0
0
0
0
0
0
0
0
0
0
0
0
0
0
0
0
0
0
0
0
0
-1
0
0
0
0
0
0
0
0
0
0
0
0
0
0
0
0
0
0
0
0
0
0
0
0
0
0
0
0
0
0
0
0
0
0
0
0
0
0
0
0
0
0
0
0
0
0
0
0
0
0
0
0
0
0
0
0
0
0
0
0
0
0
0
0
0
0
0
0
0
0
0
0
0
0
0
0
0
0
0
0
0
0
2
1
0
1
0
0
1
1
1
0
1
2
1
4
6
3
2
3
3
3
2
1
1
1
2
4
4
3
5
3
4
4
9
10
9
17
20
24
17
24
26
16
19
13
10
9
6
3
2
4
1
4
7
8
11
12
13
13
15
14
12
8
7
9
6
0
2
6
-2
-5
0
1
-6
-9
-3
-5
-7
-11
-6
-6
-16
-10
-12
-15
-16
-17
-12
-18
-20
-15
-16
-26
-20
-16
-25
-18
-21
-24
-11
-18
-16
-15
-19
-8
-22
-21
-19
-20
-6
-22
-18
-8
-13
-16
-18
-5
-10
-17
-13
-4
-8
-26
-5
2
-25
-9
2
-21
-2
6
-9
5
9
3
-1
12
10
-9
11
10
-8
14
4
-4
14
-2
-4
5
1
1
7
-2
5
16
-13
14
16
-15
14
2
-7
9
-1
1
6
-1
3
2
-4
11
-6
12
18
-9
21
7
-7
16
-1
-8
10
5
-15
7
5
-18
6
-2
-5
6
-8
2
-5
-5
6
-20
8
3
-21
14
-6
-8
5
-3
-8
3
6
-8
3
8
3
3
14
3
14
16
11
26
9
21
20
8
15
5
2
0
-12
-17
-17
-29
-40
-34
-43
-46
-32
-46
-30
-23
-22
2
3
27
32
43
62
54
70
72
64
71
62
52
50
30
18
8
-7
-17
-32
-30
-49
-61
-53
-84
-76
-87
-93
-59
-82
-45
-26
-33
13
12
35
60
62
104
89
101
121
76
93
77
39
52
25
4
9
-18
-24
-27
-45
-49
-53
-70
-76
-91
-117
-71
-100
-104
-38
-72
-40
7
-6
33
63
68
92
106
105
104
104
82
70
61
31
24
14
-5
-6
-13
-29
-22
-44
-46
-50
-88
-80
-121
-117
-93
-127
-95
-72
-73
-36
-11
10
44
69
95
102
123
120
106
113
80
67
58
22
19
8
-9
-7
-16
-27
-22
-41
-48
-52
-84
-92
-121
-98
-115
-121
-78
-95
-56
-31
-13
26
51
79
103
116
124
125
114
105
84
66
49
25
15
2
-7
-11
-16
-26
-27
-34
-52
-55
-77
-104
-111
-90
-123
-111
-67
-98
-53
-11
-20
34
68
72
115
125
122
132
121
105
88
75
46
30
24
-2
-1
-5
-20
-20
-24
-38
-46
-57
-75
-100
-111
-86
-124
-107
-68
-100
-48
-19
-18
34
62
76
106
126
123
126
128
104
87
83
45
31
28
-3
3
-6
-22
-17
-25
-41
-47
-53
-76
-97
-106
-89
-116
-108
-69
-94
-56
-17
-19
23
61
68
101
121
117
125
120
106
87
77
54
28
29
2
-6
-3
-23
-24
-28
-40
-49
-60
-72
-93
-115
-92
-111
-120
-75
-93
-72
-28
-27
7
46
59
84
110
111
115
120
102
89
77
55
34
25
8
-8
-5
-21
-25
-27
-39
-44
-55
-67
-78
-103
-103
-88
-115
-95
-70
-85
-47
-19
-15
26
53
67
94
108
112
109
114
98
78
76
49
27
28
5
-8
-3
-21
-27
-27
-39
-50
-51
-70
-80
-93
-97
-80
-101
-78
-63
-69
-28
-16
-2
37
52
71
96
100
107
107
99
92
76
63
46
31
20
4
-1
-10
-21
-21
-33
-36
-45
-54
-52
-73
-84
-75
-76
-89
-69
-53
-66
-30
-10
-12
27
48
56
82
94
95
99
98
88
74
67
49
32
26
9
-2
-7
-21
-24
-32
-37
-45
-51
-53
-72
-74
-83
-76
-72
-80
-56
-55
-39
-14
-9
18
42
50
75
88
86
96
91
84
76
59
52
31
18
16
-8
-9
-13
-28
-25
-29
-39
-41
-42
-59
-59
-68
-75
-63
-75
-62
-47
-45
-28
-10
4
23
40
58
71
76
86
81
79
75
55
52
37
16
17
1
-7
-7
-15
-20
-26
-24
-36
-43
-37
-49
-56
-52
-59
-52
-52
-53
-36
-33
-23
-6
1
19
31
38
56
56
59
65
56
54
48
36
29
20
15
7
0
1
-9
-11
-11
-22
-22
-24
-29
-33
-31
-33
-39
-37
-40
-37
-34
-28
-20
-17
-7
3
4
14
22
25
31
36
40
38
40
34
30
27
21
15
9
12
0
-1
0
-9
-9
-16
-13
-16
-22
-17
-23
-22
-19
-23
-20
-20
-19
-16
-15
-7
-5
-4
3
8
6
15
18
16
23
21
22
20
23
18
15
16
10
5
4
0
-6
-2
-7
-9
-10
-9
-13
-13
-13
-15
-17
-13
-12
-13
-8
-8
-6
-6
1
-2
4
5
2
9
9
8
9
11
12
6
8
16
5
4
11
2
-2
3
1
-4
-5
0
-3
-9
-1
-2
-11
-5
-4
-7
-7
-3
0
-6
-5
2
-2
-7
5
1
-1
0
7
3
-3
9
4
1
1
9
-2
0
6
-1
-1
-1
3
-4
-2
-1
-1
-3
-2
3
-5
0
-1
-1
-2
-3
2
-2
0
0
1
-1
0
3
0
0
5
0
0
3
1
-2
1
1
-2
0
2
-1
-1
3
-3
1
1
1
0
0
2
0
2
1
0
0
0
2
1
1
1
-1
0
-1
1
1
1
2
0
0
-2
1
-2
-1
1
-1
0
0
1
-1
0
-1
-1
0
0
-1
-1
1
-1
0
3
1
0
2
2
1
1
2
1
2
-1
-1
-1
-1
-1
-1
1
-1
0
1
-2
-2
0
1
0
-2
1
0
-1
-1
0
1
1
1
1
2
-1
2
0
0
-1
1
3
-2
-1
1
-1
-2
1
0
-1
0
1
-1
-1
0
-2
-2
1
1
-1
0
0
0
-1
1
2
-2
1
1
-2
-1
-1
-1
-1
-1
0
1
-1
-1
1
-1
0
1
0
-1
1
-1
0
0
-1
-1
1
1
-3
1
2
-1
-1
1
-1
-2
-1
2
3
-2
1
2
-2
0
2
1
-2
-1
0
-1
-1
1
-1
-1
0
0
1
0
2
1
-1
2
-1
-1
1
-1
1
0
-1
0
-1
1
1
2
2
-2
0
1
-1
1
0
-1
1
-1
1
0
-1
1
-1
-1
-1
-1
-1
-2
0
-2
-2
2
0
-2
1
2
-1
-1
3
-2
-2
0
-2
0
0
1
-1
0
-1
-2
-1
1
1
-1
0
0
1
-2
0
0
-1
1
0
2
1
-2
1
2
-3
-3
0
1
-1
-2
0
3
-2
0
4
-1
-2
0
2
-2
-1
3
2
-2
-2
2
3
-2
-2
3
-1
-3
1
-2
-1
0
0
1
-1
2
-1
-2
3
0
-1
2
0
-1
1
-2
3
1
-1
2
0
-1
-4
1
2
-4
0
2
-2
-1
-2
1
0
-2
1
0
1
0
-3
2
0
-2
2
1
-1
0
0
0
-1
-3
2
-1
0
1
-2
3
1
0
0
-2
-2
-3
0
2
-1
-1
0
-1
0
0
1
1
-1
0
0
2
3
-2
-1
-1
-1
-3
1
2
-3
-2
1
0
-5
5
0
-2
8
-1
4
1
-3
5
-3
3
3
-9
2
-1
-3
0
-5
4
-4
-3
7
-4
6
5
0
6
-2
1
-1
-8
-3
1
0
-1
-1
1
0
0
0
2
-2
-4
1
0
-1
-3
-1
-1
-3
-2
-1
2
1
-1
1
3
-4
0
2
-4
2
1
-2
1
-2
-3
-1
2
2
-3
1
3
-1
0
3
1
-1
0
-2
0
-3
1
3
-3
1
-2
-1
1
-1
-2
-2
-2
-4
-3
0
1
-1
1
2
1
3
2
2
6
-1
-3
-1
-1
-4
-2
2
-3
-4
-3
0
-2
-1
1
-1
-1
-3
-4
-1
-2
-6
-4
0
-2
-2
1
2
3
3
7
6
3
5
5
4
7
7
5
4
4
7
3
-2
0
-4
-13
-17
-17
-21
-26
-26
-25
-25
-26
-23
-14
-10
-8
4
17
21
24
32
38
38
36
38
38
30
28
26
19
13
6
-4
-15
-20
-30
-41
-52
-61
-75
-84
-60
-47
-46
-25
-2
19
28
34
52
60
50
48
50
39
25
15
15
13
5
12
18
25
31
32
37
31
17
4
-16
-48
-71
-97
-110
-87
-91
-81
-44
-24
3
29
46
69
76
70
71
56
39
19
0
-8
-17
-20
-13
-1
15
28
43
53
55
51
39
15
-8
-42
-79
-107
-133
-117
-105
-105
-64
-29
-5
30
55
74
90
84
77
68
42
23
5
-16
-19
-23
-19
-3
8
27
44
53
60
57
45
29
-1
-28
-61
-94
-120
-127
-103
-95
-81
-42
-9
16
38
58
74
82
69
60
51
29
11
-3
-11
-12
-13
-7
8
18
31
42
43
47
42
25
11
-6
-29
-51
-72
-89
-102
-83
-62
-63
-42
-12
5
18
28
38
50
45
36
37
32
20
13
6
7
6
4
11
17
20
25
26
22
20
14
6
-2
-12
-20
-28
-39
-42
-50
-49
-31
-30
-30
-20
-13
-7
-3
-2
7
17
16
19
23
24
24
20
18
20
16
13
15
15
11
9
9
8
6
3
3
2
1
-2
-5
-8
-10
-14
-18
-24
-23
-19
-24
-25
-22
-20
-17
-11
-9
-1
6
9
12
16
17
17
16
15
14
12
11
10
9
9
9
10
10
10
10
9
7
7
4
0
-3
-7
-10
-13
-16
-17
-19
-19
-17
-17
-17
-15
-13
-12
-8
-5
-3
1
3
4
7
7
9
10
10
12
13
13
13
14
14
13
12
12
9
7
5
3
1
-2
-4
-6
-8
-9
-10
-11
-12
-13
-14
-13
-14
-13
-12
-10
-9
-7
-5
-2
1
2
4
6
7
9
12
12
12
13
13
12
12
11
10
10
8
5
3
1
0
-2
-5
-7
-8
-10
-10
-11
-11
-11
-10
-10
-10
-8
-7
-7
-4
-2
-2
1
2
3
4
5
6
8
8
9
9
9
9
9
8
7
6
6
4
2
2
-1
-2
-3
-5
-3
-5
-7
-6
-5
-5
-6
-5
-4
-4
-4
-3
-1
0
0
1
1
2
2
2
3
3
4
6
4
2
4
3
3
2
0
2
2
0
0
-1
0
1
-1
-1
-1
-2
-2
-2
-1
-2
-2
0
-1
0
1
-1
0
1
0
1
1
2
2
1
0
1
2
2
0
0
2
2
-2
-1
2
1
-1
0
1
0
-1
0
1
0
0
-2
2
2
-2
0
0
1
1
1
1
0
1
1
0
2
1
-1
0
-1
-1
2
0
-1
1
1
2
0
-2
0
4
-1
-2
2
1
1
0
-2
1
3
-1
-2
1
2
1
-2
0
1
1
0
-1
2
0
-3
2
2
0
-2
0
3
-1
-2
1
0
2
0
-2
0
2
3
-2
0
1
0
0
-1
2
2
0
-1
0
2
0
-1
-1
-1
1
-1
-2
1
-1
-1
-1
0
1
-1
1
-1
-2
1
2
-3
-3
5
2
-5
1
2
-1
-1
-1
2
1
-3
-1
2
0
-2
-2
1
1
0
-2
-4
2
2
-2
-4
0
2
-4
-3
1
-1
-5
-2
1
-3
-4
-1
-2
-4
-3
-3
-4
-3
-2
-5
-5
-4
-5
-7
-4
-4
-7
-8
-6
-4
-6
-6
-7
-3
-3
-8
-6
-1
-2
-6
-4
-1
1
-3
-3
0
3
3
2
1
2
5
4
2
3
6
6
4
4
6
5
6
5
9
8
4
5
6
8
5
5
6
6
6
4
5
5
5
3
3
6
5
3
2
4
4
2
1
2
3
1
0
1
1
1
0
0
0
0
0
0
0
0
-1
-1
-1
-1
-1
-1
-1
-1
-1
-1
-1
-1
-2
-1
-1
-1
-2
-2
-1
-2
-2
-2
-1
-1
-2
-1
-1
-1
-1
-1
-1
-1
-1
-1
-1
-1
-1
-1
-1
0
0
0
0
0
0
0
0
0
0
0
0
0
0
0
0
0
0
0
0
0
0
0
0
0
0
0
0
0
0
0
0
0
0
0
0
0
0
0
0
0
0
0
0
0
0
0
0
0
-1
-1
0
0
0
0
0
0
0
0
0
0
0
0
0
0
0
0
0
0
0
0
0
0
0
0
0
0
0
0
0
0
0
0
0
0
0
0
0
0
0
0
0
0
0
0
0
0
0
0
0
0
-1
-1
-1
-1
-1
-1
-1
-1
-1
-1
-1
-1
-1
-1
-1
-1
-1
-1
-1
0
0
-1
-1
-1
0
0
-1
0
-1
-1
0
0
0
0
0
0
0
0
0
0
0
0
0
0
0
0
0
0
0
0
0
0
0
0
0
0
0
0
0
0
0
0
0
0
0
0
0
0
0
0
0
0
0
0
0
0
0
0
0
0
0
0
0
0
0
0
0
0
0
0
0
0
0
0
0
0
0
0
0
0
0
0
0
0
0
0
0
0
0
0
0
0
0
0
0
0
0
0
0
0
0
0
0
0
0
0
1
0
0
0
0
1
1
0
0
0
0
0
0
0
0
0
0
0
0
0
0
0
0
0
0
0
0
0
0
0
0
0
0
0
0
0
0
0
0
0
0
0
0
0
0
0
0
0
0
0
0
0
0
0
0
0
0
0
0
0
0
0
0
0
0
0
0
0
0
0
0
0
0
0
0
0
0
0
0
0
0
0
0
0
0
0
0
0
0
0
0
0
0
0
0
0
1
0
0
0
0
1
0
0
0
0
0
0
0
0
0
0
0
0
0
0
0
0
0
0
0
0
0
0
0
0
0
0
0
0
0
0
1
0
-1
2
0
-1
1
1
-1
0
0
-1
0
0
0
0
1
0
0
0
0
0
0
0
0
0
0
0
0
0
0
0
0
0
0
0
0
0
0
0
0
0
0
0
0
0
0
0
0
0
0
-1
1
0
1
0
1
0
-1
2
-2
4
-4
26
-9
-15
57