0
0
0
0
0
0
0
0
0
0
0
0
0
0
0
0
0
0
0
0
0
0
0
0
0
0
0
0
0
0
0
0
0
0
0
0
0
0
0
0
0
0
0
0
0
0
0
0
0
0
0
0
0
0
0
0
0
0
0
0
0
0
0
0
0
0
0
0
0
0
0
0
0
0
0
0
0
0
0
0
0
0
0
0
0
0
0
0
0
0
0
0
0
0
0
0
0
0
0
0
0
0
0
0
0
0
0
0
0
0
0
0
0
0
0
0
0
0
0
0
0
0
0
0
0
0
0
0
0
0
0
0
0
0
0
1
1
1
1
1
1
1
1
0
0
0
0
0
0
0
0
0
0
0
0
0
0
0
0
0
0
0
0
0
0
0
0
0
0
1
1
1
0
0
0
0
0
0
0
0
0
0
0
0
0
0
0
0
0
0
0
0
0
0
0
0
0
0
0
0
0
0
0
0
0
1
1
1
1
1
1
0
0
0
0
0
0
0
0
0
0
0
0
0
0
0
0
0
0
0
0
0
0
0
1
1
1
0
0
0
0
0
0
0
0
0
0
0
0
-1
-1
-1
-1
-1
-1
-1
-1
0
0
0
0
0
0
0
0
0
0
0
0
0
0
-1
-1
-1
-1
-1
0
0
0
0
0
0
0
0
0
0
0
0
0
0
0
0
0
0
0
0
0
0
0
0
0
0
0
0
0
0
0
0
0
0
0
0
0
0
0
0
0
0
0
0
0
0
0
0
0
0
0
0
0
0
0
0
0
0
0
0
0
0
0
0
0
0
0
0
0
0
0
0
0
0
0
0
0
0
0
0
0
0
0
0
0
0
0
0
0
0
0
0
0
0
0
0
1
1
1
1
1
1
0
0
0
0
0
0
0
0
0
0
0
0
0
0
0
0
0
0
0
0
1
1
1
1
1
1
0
0
0
0
0
0
0
0
0
0
0
0
0
0
0
0
0
0
0
0
1
1
1
1
1
1
1
0
0
0
0
0
0
0
0
0
0
0
0
0
0
1
1
1
1
0
0
0
0
1
1
1
1
0
0
-1
-1
0
0
0
0
0
-1
-1
-2
-1
0
2
3
3
1
-2
-6
-9
-12
-13
-12
-9
-6
-2
1
3
4
5
5
5
5
5
5
4
2
1
0
-1
-1
-1
-1
-1
-1
-1
-1
0
0
1
2
2
2
2
1
1
2
2
3
4
4
4
4
4
3
3
3
3
3
4
4
4
4
4
4
4
4
3
2
1
0
-1
-1
-1
-1
0
0
0
1
1
2
2
2
3
3
3
3
2
2
1
1
0
0
0
-1
-1
-1
-2
-2
-2
-2
-2
-1
-1
-1
0
0
0
0
0
0
0
1
1
1
1
1
1
0
0
0
0
0
0
0
0
0
0
-1
-1
0
0
0
0
0
0
0
0
0
0
0
0
1
1
1
1
1
1
1
1
1
1
1
1
0
0
0
0
0
0
0
0
0
0
0
0
0
0
1
1
1
1
1
0
0
0
0
0
0
0
0
0
-1
-1
-1
-1
0
0
0
0
0
-1
-1
-1
-1
-1
0
0
0
0
0
0
0
0
0
0
1
1
0
0
0
0
0
0
0
0
0
0
0
-1
-1
-1
0
0
0
0
0
0
0
0
0
0
1
1
0
0
0
0
0
0
0
0
0
0
0
0
-1
-1
0
0
0
0
0
0
0
0
0
0
0
0
0
0
0
0
0
0
-1
-1
-1
0
0
0
0
-1
-1
-1
-1
-1
-1
-1
-1
0
0
0
0
0
0
0
0
0
1
1
1
0
0
0
-1
-1
0
0
0
0
0
0
-1
-1
-1
-1
0
0
1
1
0
0
0
0
0
0
0
0
0
0
0
0
0
0
0
1
1
1
0
0
0
0
0
-1
-1
-1
-1
-1
-1
-1
-1
-1
-1
-1
-1
-1
-1
0
0
0
0
0
0
0
0
0
0
0
0
0
0
0
0
0
0
0
0
0
-1
-1
-1
-1
-1
-1
-1
-1
-1
-1
-1
-1
-1
-1
-1
0
0
0
0
-1
-1
-1
-1
-1
-1
0
0
0
0
0
0
-1
-1
-1
0
0
0
0
0
-1
0
0
0
0
0
0
-1
-1
0
0
0
0
0
0
0
-1
-1
-1
-1
-1
0
0
0
0
0
0
0
0
0
0
0
0
0
0
0
0
0
0
0
0
0
-1
-1
-1
-1
0
0
0
0
0
0
0
0
0
0
0
0
0
0
0
0
-1
-1
-1
-1
-1
-1
0
0
0
0
0
0
0
0
0
0
0
0
0
0
0
0
0
0
0
-1
-1
-1
-1
-1
0
0
0
0
0
-1
-1
-1
-1
0
0
0
0
0
0
0
0
0
0
0
0
0
0
-1
-1
0
0
0
0
0
0
0
-1
-1
-1
-1
-1
0
0
0
0
0
-1
-1
-1
0
0
0
0
0
-1
-1
-1
-1
0
0
0
0
0
0
-1
-1
0
0
0
0
0
0
0
-1
-1
-1
-1
-1
0
0
0
0
0
0
0
0
0
0
0
0
0
0
0
0
0
0
0
0
0
0
0
0
0
0
0
0
0
0
0
0
0
0
0
0
0
0
0
0
0
0
0
0
0
0
0
0
0
0
0
0
0
0
0
0
0
0
0
0
0
0
0
0
0
0
0
0
0
0
0
0
0
0
0
0
0
0
0
0
0
0
0
0
0
0
0
0
0
0
0
0
0
0
0
0
0
0
0
0
0
0
0
0
0
0
0
0
0
0
0
0
0
0
0
0
0
0
0
0
0
0
0
0
0
0
0
0
0
0
0
0
0
0
0
0
0
0
0
0
0
0
0
0
0
0
0
0
0
0
0
0
0
0
0
0
0
0
0
0
0
0
0
0
0
0
0
0
-1
-1
-1
-1
-1
-1
-1
-1
-1
-1
-1
-1
-1
-1
-1
-1
-1
-1
-1
-1
-1
-1
-1
-1
-1
-1
-1
-1
-1
-1
-1
-1
-1
-1
-1
-1
-1
-1
-1
-1
-1
-1
-1
-1
-1
-1
-1
-1
-1
-1
-1
-1
0
0
0
0
0
0
0
0
0
0
0
0
0
1
1
1
1
1
1
1
1
1
1
1
1
1
1
1
1
1
1
1
1
1
1
1
1
1
1
1
1
1
1
1
1
1
1
1
0
0
0
0
0
0
0
0
0
0
0
0
0
0
0
0
0
0
0
0
0
0
0
0
0
0
0
0
0
0
0
0
0
0
0
0
0
0
0
0
0
0
-1
-1
-1
-1
-1
-1
-1
-1
-1
-1
-1
-1
-1
-1
-1
-1
-1
-1
-1
-1
-1
-1
-1
-1
-1
-1
-1
-1
-1
-1
-1
-1
-1
-1
-1
-1
-1
-1
-1
-1
-1
-1
-1
-1
-1
-1
-1
-1
-1
-1
-1
0
0
0
0
0
-1
-1
-1
-1
-1
-1
-1
-1
-1
-1
-1
-1
-1
-1
-1
-1
-1
-1
-1
-1
-1
-1
-1
-1
-1
-1
-1
-1
-1
-1
-1
-1
-1
-1
-1
-1
-1
-1
-1
-1
-1
0
0
0
0
0
0
0
0
0
0
0
0
0
0
0
0
0
0
0
0
0
0
0
0
0
0
0
0
-1
-1
-1
-1
-1
-1
-1
-1
-1
-1
-1
-1
-1
-1
-1
-1
-1
-1
-1
-1
-1
-1
-1
-1
-1
0
0
0
0
0
0
0
0
0
0
0
0
0
0
0
0
0
0
0
0
0
0
0
0
0
0
0
0
0
0
0
0
0
0
0
0
0
0
0
0
0
0
0
0
0
0
0
0
0
0
0
0
0
0
0
0
0
0
0
0
0
0
0
0
0
0
0
0
0
0
0
0
0
0
0
0
0
0
0
0
0
0
0
0
0
0
0
0
0
0
0
0
0
0
0
0
0
0
0
0
0
0
0
0
0
0
0
0
0
0
0
0
0
0
0
0
0
0
0
0
0
0
0
0
0
0
0
0
0
0
0
0
0
0
0
0
0
0
0
0
0
0
0
0
0
0
0
0
0
0
0
0
0
0
0
0
0
0
0
0
0
0
0
0
0
0
0
0
0
0
0
0
0
0
0
0
0
0
0
0
0
0
0
0
0
0
0
0
0
0
0
0
0
0
0
0
0
0
0
0
0
0
0
0
0
0
0
0
0
0
0
0
0
0
0
0
0
0
0
0
0
0
0
0
0
0
0
0
0
0
0
0
0
0
0
0
0
0
0
0
0
0
0
0
0
0
0
0
0
0
0
0
0
0
0
0
0
0
0
0
0
0
0
0
0
0
0
0
0
0
0
0
0
0
0
0
0
0
0
0
0
0
0
0
0
0
0
0
0
0
0
0
0
0
0
0
0
0
0
0
0
0
0
0
0
0
0
0
0
0
0
0
0
0
0
0
0
0
0
0
0
0
0
0
0
0
0
0
0
0
0
0
0
0
0
0
0
0
0
0
0
0
0
0
0
0
0
0
0
0
0
0
0
0
0
0
0
0
0
0
0
0
0
0
0
0
0
0
0
0
0
0
0
0
0
0
0
0
0
0
0
0
0
0
0
0
0
0
0
0
0
0
0
0
0
0
0
0
0
0
0
0
0
0
0
0
0
0
0
0
0
0
0
0
0
0
0
0
0
0
0
0
0
0
0
0
0
0
0
0
0
0
0
0
0
0
0
0
0
0
0
0
0
0
0
0
0
0
0
0
0
0
0
0
0
0
0
0
0
0
0
0
0
0
0
0
0
0
0
0
0
0
0
0
0
0
0
0
0
0
0
0
0
0
0
0
0
0
0
0
0
0
0
0
0
0
0
0
0
0
0
0
0
0
0
0
0
0
0
0
0
0
0
0
0
0
0
0
0
0
0
0
0
0
1
1
0
0
-1
-1
0
0
1
1
1
0
0
-1
-1
0
1
1
2
1
0
-1
-2
-2
0
2
3
3
2
-1
-3
-4
-2
1
5
7
5
1
-5
-10
-10
-4
6
17
24
25
17
4
-11
-22
-24
-17
-4
10
20
21
12
-1
-15
-22
-21
-11
2
13
18
14
4
-8
-17
-19
-13
-3
8
14
14
7
-3
-11
-15
-12
-5
4
10
12
8
1
-6
-10
-10
-6
0
6
9
8
3
-2
-6
-7
-5
-1
3
6
6
4
0
-3
-5
-4
-2
1
4
5
4
2
-1
-3
-4
-3
0
2
3
4
3
1
-1
-3
-3
-2
0
2
2
2
1
0
-1
-2
-1
-1
0
1
1
1
0
-1
-1
-1
-1
0
0
1
1
0
0
-1
-1
-1
-1
0
0
0
0
0
-1
-1
-1
-1
-1
0
0
0
0
0
-1
-1
-1
0
0
0
1
1
1
0
0
-1
-1
-1
-1
0
0
1
1
1
0
0
-1
-1
-1
-1
0
1
1
1
1
0
-1
-1
-1
-1
0
0
1
1
0
0
0
-1
-1
0
0
1
1
1
0
-1
-1
-1
0
1
1
1
1
0
-2
-2
-1
0
1
2
2
1
-1
-3
-3
-2
1
3
4
3
0
-3
-5
-5
-2
3
9
12
12
9
3
-2
-6
-5
-1
5
11
15
16
14
11
6
2
0
1
5
10
16
21
23
20
14
5
-3
-7
-6
-2
2
-1
-14
-38
-68
-97
-113
-108
-82
-39
7
43
58
48
19
-15
-41
-48
-33
-4
27
49
52
39
16
-5
-14
-9
9
30
45
51
45
34
24
20
24
31
36
35
26
13
-1
-12
-17
-21
-28
-42
-62
-83
-97
-94
-73
-36
6
40
55
47
21
-11
-36
-42
-28
0
32
54
59
46
22
-2
-16
-15
0
20
37
45
42
32
23
18
21
29
37
40
33
20
4
-8
-14
-12
-10
-12
-26
-50
-81
-107
-118
-106
-74
-27
19
51
60
45
14
-20
-43
-46
-28
4
37
58
62
47
21
-4
-19
-19
-4
19
39
51
50
41
29
20
18
23
31
36
34
24
10
-4
-14
-17
-18
-22
-34
-56
-84
-110
-122
-114
-83
-36
15
54
70
61
30
-8
-39
-51
-39
-8
28
58
70
61
36
7
-15
-21
-11
11
36
53
58
51
36
21
13
13
20
29
34
31
20
4
-11
-22
-27
-30
-35
-46
-64
-85
-104
-112
-102
-75
-35
9
45
65
64
46
19
-7
-23
-25
-13
6
26
39
43
37
27
17
12
14
22
30
37
39
37
31
25
22
22
24
25
24
19
10
-1
-12
-21
-30
-40
-53
-69
-88
-105
-115
-111
-93
-61
-20
20
51
66
65
50
28
6
-8
-12
-6
4
16
24
28
29
29
30
33
37
41
42
40
34
28
23
20
21
22
22
20
14
5
-5
-13
-20
-28
-38
-52
-72
-94
-114
-125
-121
-100
-64
-21
22
55
71
71
57
36
16
2
-4
-2
4
11
17
22
27
32
39
47
52
52
48
39
29
20
16
16
19
23
23
18
9
-2
-12
-19
-24
-30
-39
-55
-78
-102
-123
-131
-121
-93
-51
-3
39
68
78
71
52
30
11
0
-3
1
7
13
16
19
22
28
37
47
54
57
54
45
33
23
16
13
15
17
18
14
8
-1
-9
-15
-20
-26
-35
-52
-74
-99
-121
-131
-126
-104
-67
-23
20
52
70
72
63
46
30
16
8
5
4
4
6
10
17
27
40
52
60
62
58
47
34
23
16
13
14
15
14
9
2
-7
-13
-17
-19
-22
-30
-45
-68
-94
-118
-132
-130
-111
-76
-33
10
45
67
75
71
59
44
31
20
13
7
3
1
3
9
20
33
47
58
62
60
52
41
29
20
15
11
9
4
-1
-8
-14
-18
-18
-17
-18
-25
-39
-61
-87
-111
-127
-128
-113
-83
-44
-4
31
56
68
70
65
56
46
35
26
16
7
0
-3
0
9
22
37
51
60
62
58
50
40
30
22
14
7
0
-8
-16
-21
-22
-20
-17
-16
-21
-33
-53
-77
-100
-116
-121
-111
-88
-56
-20
13
39
57
67
70
68
62
54
43
29
15
1
-8
-12
-7
4
19
35
49
58
60
57
50
41
31
21
11
0
-10
-20
-26
-29
-28
-25
-21
-20
-25
-38
-55
-76
-94
-105
-105
-94
-73
-46
-17
10
33
50
61
67
69
67
60
48
33
16
0
-11
-16
-12
-2
13
30
44
54
59
58
53
45
36
25
13
1
-11
-21
-28
-31
-30
-27
-23
-22
-27
-37
-53
-71
-87
-96
-97
-87
-69
-46
-20
5
26
42
55
63
67
67
62
52
37
20
3
-11
-19
-19
-11
2
19
35
48
56
58
56
50
42
31
20
8
-3
-14
-23
-29
-31
-29
-26
-24
-25
-31
-42
-56
-71
-83
-88
-86
-75
-58
-38
-16
5
24
39
52
60
65
64
59
48
34
17
1
-11
-18
-17
-11
1
15
29
41
49
53
52
48
42
33
23
13
3
-7
-15
-21
-24
-24
-23
-22
-23
-27
-35
-47
-60
-72
-81
-83
-78
-66
-50
-30
-10
9
25
39
49
55
57
56
49
39
27
13
1
-8
-13
-12
-7
1
12
24
34
42
47
48
45
40
33
25
17
9
1
-5
-11
-15
-17
-19
-19
-21
-24
-30
-38
-49
-59
-68
-74
-73
-67
-56
-42
-25
-9
7
20
32
40
46
48
47
42
34
24
13
4
-3
-6
-6
-3
3
11
20
28
35
39
41
40
36
31
25
19
13
8
3
-2
-7
-11
-13
-15
-17
-19
-23
-29
-38
-49
-58
-65
-67
-63
-53
-40
-26
-13
-1
8
16
24
32
40
47
50
48
39
25
9
-7
-17
-20
-14
-1
17
35
50
57
58
53
45
37
30
26
22
18
12
4
-4
-11
-16
-17
-19
-25
-39
-61
-91
-120
-141
-144
-126
-86
-34
19
60
78
72
46
11
-20
-38
-36
-18
9
34
50
52
41
24
9
2
6
17
32
44
50
49
45
40
38
40
42
42
37
25
9
-6
-17
-21
-22
-25
-34
-55
-86
-119
-143
-148
-127
-83
-25
32
72
85
70
36
-5
-36
-47
-35
-7
27
54
65
58
39
15
-3
-9
-1
16
34
48
53
49
42
35
34
37
43
47
44
34
18
2
-10
-15
-13
-11
-15
-32
-62
-100
-136
-156
-152
-119
-65
-3
51
82
84
60
20
-20
-46
-49
-32
0
32
55
61
51
30
8
-6
-9
1
18
35
47
51
47
41
35
34
37
41
43
40
29
15
0
-10
-15
-15
-17
-26
-45
-76
-110
-137
-147
-133
-95
-40
17
60
79
70
40
1
-32
-47
-41
-16
16
44
58
55
38
15
-3
-11
-6
8
26
40
46
44
38
31
29
33
40
46
47
40
26
9
-4
-12
-12
-8
-9
-20
-44
-79
-117
-144
-151
-131
-87
-29
28
67
81
66
32
-8
-39
-50
-39
-12
20
46
57
51
33
12
-4
-10
-3
10
26
36
40
37
32
29
31
37
46
50
48
37
21
4
-7
-11
-9
-5
-8
-23
-52
-89
-125
-147
-145
-117
-67
-9
42
73
75
53
16
-21
-44
-46
-28
2
32
51
54
42
21
1
-11
-10
1
16
30
38
38
33
28
28
32
41
48
49
42
28
12
-1
-7
-6
-2
-2
-14
-40
-77
-115
-143
-150
-128
-83
-24
32
69
79
62
27
-13
-41
-49
-36
-7
25
48
56
47
27
6
-9
-11
-3
12
26
35
36
32
28
27
32
40
48
49
43
30
14
2
-3
-1
3
2
-11
-39
-79
-119
-147
-151
-126
-77
-16
40
75
81
58
19
-21
-48
-52
-33
0
34
56
60
46
23
0
-14
-13
-2
15
29
36
35
29
25
26
32
42
49
50
41
26
11
0
-2
2
5
0
-20
-54
-96
-133
-152
-143
-106
-48
14
62
84
75
43
0
-36
-52
-44
-17
18
46
60
54
34
10
-8
-15
-9
6
21
31
33
29
24
22
27
36
45
48
44
32
18
6
1
4
8
7
-8
-39
-80
-122
-149
-151
-122
-68
-5
51
82
83
55
11
-30
-54
-52
-28
9
42
61
60
41
15
-7
-17
-12
3
21
33
36
30
21
16
18
28
40
48
47
37
22
8
1
2
8
9
-2
-29
-69
-112
-143
-148
-123
-71
-8
48
80
81
54
11
-29
-53
-51
-26
9
41
59
56
38
13
-7
-16
-11
3
18
28
30
26
21
20
24
32
40
42
36
25
13
5
6
11
16
11
-9
-45
-90
-129
-148
-138
-99
-40
22
67
85
70
33
-11
-45
-57
-43
-11
26
54
63
53
30
4
-13
-17
-7
8
23
30
29
23
16
15
20
29
37
39
34
24
13
7
8
12
14
5
-19
-56
-97
-130
-141
-124
-80
-22
34
71
79
59
21
-19
-47
-51
-33
-1
32
54
59
47
25
4
-10
-12
-5
7
18
25
28
29
29
31
32
31
27
20
13
9
11
16
20
16
-1
-34
-76
-116
-141
-140
-111
-59
2
53
80
78
49
8
-31
-52
-50
-27
7
39
59
61
48
27
6
-8
-12
-7
4
17
28
36
40
41
38
31
22
13
6
4
8
15
19
14
-6
-39
-81
-119
-140
-136
-104
-52
8
58
83
79
50
8
-31
-54
-53
-31
3
36
59
64
53
32
9
-8
-13
-7
7
24
38
47
47
40
29
17
7
4
6
12
17
15
2
-24
-60
-97
-125
-134
-120
-83
-31
22
62
79
71
42
4
-30
-48
-47
-27
4
34
56
62
54
36
17
2
-3
2
14
29
39
43
39
29
18
10
7
11
16
17
9
-12
-44
-83
-117
-136
-133
-106
-60
-6
43
74
81
65
33
-4
-33
-46
-40
-18
11
37
54
58
50
35
20
10
8
13
22
31
35
33
27
19
14
14
17
19
16
2
-24
-61
-100
-131
-144
-132
-97
-45
12
60
87
88
65
29
-10
-38
-48
-39
-15
14
40
55
57
49
36
24
17
16
20
25
28
26
22
17
15
17
21
23
18
1
-30
-69
-109
-138
-148
-132
-93
-39
18
64
89
89
68
33
-3
-29
-40
-35
-18
5
27
42
48
48
44
39
34
31
28
23
18
13
10
11
16
23
27
23
6
-23
-62
-101
-133
-146
-136
-103
-54
1
49
81
91
80
54
22
-6
-25
-31
-25
-12
3
18
31
40
47
51
53
50
42
31
18
6
0
0
5
13
16
11
-7
-37
-73
-108
-130
-134
-117
-81
-34
13
52
75
80
70
50
28
8
-6
-13
-14
-11
-5
4
14
27
40
52
59
59
52
39
24
11
3
-1
-2
-3
-10
-24
-47
-73
-98
-114
-115
-101
-73
-36
1
33
55
65
64
56
43
30
18
8
-1
-6
-8
-6
1
12
26
40
51
55
54
47
37
26
16
7
-4
-17
-34
-55
-78
-98
-110
-112
-101
-79
-49
-17
13
36
51
58
59
55
48
40
30
19
9
1
-5
-5
-1
8
18
29
39
45
47
46
42
35
23
8
-12
-36
-61
-84
-102
-111
-109
-97
-76
-50
-24
1
22
37
47
54
56
56
53
47
39
29
19
10
4
0
0
2
6
11
14
17
17
16
13
8
1
-7
-16
-24
-30
-35
-37
-37
-35
-32
-29
-27
-24
-21
-17
-13
-8
-3
4
9
15
19
23
26
28
29
30
30
29
27
25
23
21
18
16
14
11
8
5
1
-3
-8
-13
-18
-23
-28
-33
-36
-39
-41
-41
-40
-36
-31
-25
-17
-9
0
8
16
22
28
32
34
35
36
35
34
32
30
28
25
22
18
14
9
4
-1
-6
-11
-16
-21
-25
-30
-34
-37
-40
-42
-42
-41
-39
-35
-29
-22
-14
-6
3
11
19
25
30
33
36
37
37
36
35
33
30
26
22
17
12
7
2
-3
-8
-11
-15
-18
-20
-23
-24
-26
-27
-28
-29
-29
-29
-28
-26
-22
-18
-12
-6
1
7
13
18
22
25
27
28
28
27
26
24
22
20
17
14
11
7
3
-1
-4
-7
-10
-12
-13
-14
-15
-16
-16
-16
-17
-17
-16
-16
-15
-14
-12
-10
-7
-5
-2
2
4
7
9
11
12
13
14
14
14
14
14
14
13
12
10
8
6
4
1
-1
-4
-6
-7
-9
-10
-11
-11
-11
-11
-10
-9
-8
-7
-6
-5
-4
-2
-1
-1
0
1
2
2
3
3
4
5
5
6
7
7
7
7
6
5
4
3
2
0
-1
-2
-3
-4
-5
-5
-6
-6
-6
-6
-5
-5
-4
-4
-3
-2
-1
-1
0
1
2
3
3
4
4
4
4
4
3
3
3
3
2
2
2
1
1
0
0
-1
-1
-2
-2
-2
-2
-2
-2
-1
-1
-1
-1
-1
0
0
0
0
1
1
1
1
1
1
1
1
1
1
1
1
1
1
1
1
0
0
0
0
0
0
0
0
0
0
0
0
0
0
0
1
1
1
1
1
1
1
1
1
1
1
1
0
0
-1
-1
-1
0
1
1
0
-1
-2
-3
-2
-1
2
6
9
10
11
9
6
3
0
-2
-4
-5
-6
-6
-5
-3
-1
2
5
6
7
6
4
2
0
-1
-2
-1
-1
0
0
-1
-2
-3
-4
-4
-3
-3
-2
-2
-1
-1
-1
-1
-1
0
0
0
0
0
0
0
0
0
0
-1
-1
-1
-1
-1
-1
-1
-1
-1
-1
-1
-1
0
1
1
2
2
1
0
-1
-1
0
1
2
3
2
1
-1
-2
-2
1
6
11
16
18
16
11
4
-4
-10
-14
-14
-10
-6
-1
2
4
4
3
2
1
1
1
1
0
-1
-3
-4
-5
-4
-3
-2
-1
0
0
0
0
-1
-1
0
0
0
-1
-1
-2
-3
-3
-3
-2
-1
0
0
1
1
1
1
1
1
0
0
0
0
0
0
0
1
1
1
1
1
1
0
0
-1
-1
-1
-1
-1
-1
-1
-1
0
1
1
1
1
0
-1
-1
-2
-1
0
2
4
6
7
7
6
4
3
1
-1
-2
-3
-3
-4
-3
-3
-2
-1
1
2
3
3
3
2
1
0
0
-1
-1
-2
-2
-2
-2
-2
-2
-1
-1
0
1
1
0
0
-1
-1
-2
-2
-2
-1
-1
-1
0
0
0
-1
-1
-1
-1
-1
-1
-1
-1
-1
-1
-1
-1
0
1
1
1
1
1
1
0
-1
-1
-2
-2
-2
-2
-2
-1
-1
0
0
0
0
-1
-1
-2
-2
-3
-3
-2
-2
-1
0
0
0
0
-1
-2
-3
-3
-4
-4
-4
-4
-4
-5
-6
-9
-12
-16
-19
-22
-24
-24
-23
-21
-18
-14
-10
-4
3
11
18
25
30
32
32
29
24
18
13
8
4
1
-1
-2
-2
-2
-1
1
4
7
10
13
15
16
16
17
16
16
15
14
12
10
8
6
4
3
2
0
-1
-1
-2
-3
-4
-4
-5
-4
-4
-4
-3
-3
-3
-3
-3
-3
-4
-4
-4
-4
-4
-4
-4
-4
-4
-3
-3
-2
-2
-1
0
0
0
0
-1
-1
-2
-2
-3
-3
-4
-4
-4
-5
-5
-5
-5
-5
-5
-5
-4
-4
-3
-2
-1
0
1
2
3
3
4
4
4
4
3
3
2
2
1
0
0
-1
-1
-1
-1
-1
-1
-1
-1
0
0
0
1
1
1
2
2
2
2
2
3
3
2
2
2
2
2
1
1
1
1
0
0
0
0
0
0
0
-1
-1
-1
-1
-1
-1
-1
-1
-1
-1
-1
0
0
0
0
0
1
1
1
1
1
1
1
1
1
1
0
0
0
0
-1
-1
-1
-1
-1
-2
-2
-2
-1
-1
-1
-1
-1
0
0
0
0
0
1
1
1
1
1
1
0
0
0
0
0
0
0
-1
-1
-1
-1
-1
-1
-1
0
0
0
0
0
0
0
0
0
0
0
0
0
0
0
0
0
0
1
1
1
1
0
0
0
0
0
0
0
0
0
0
0
0
0
0
0
0
0
0
0
0
0
0
0
0
0
0
0
0
0
0
0
0
0
0
0
0
0
0
0
0
0
0
0
0
0
0
0
0
0
0
0
0
0
0
0
0
0
0
0
0
0
0
0
0
0
0
0
0
0
0
0
0
0
0
0
0
0
0
0
0
0
0
0
0
0
0
0
0
0
0
0
0
0
0
0
0
0
0
0
0
0
0
0
0
0
0
0
0
0
0
0
0
0
0
0
0
0
0
0
0
0
0
0
0
0
0
0
0
0
0
0
0
0
0
0
0
0
0
0
0
0
0
0
0
0
0
0
0
0
0
0
0
0
0
0
0
0
0
0
0
0
0
0
0
0
1
1
1
1
0
0
0
0
0
0
0
0
0
0
0
0
0
0
0
0
0
0
0
0
0
0
0
0
0
0
0
0
0
0
0
0
-1
-1
-1
-1
-1
-1
-1
-1
-1
-1
-1
-1
0
0
0
0
0
0
0
0
0
0
0
0
0
0
0
0
0
0
0
0
0
0
0
0
0
0
0
0
0
0
0
0
0
0
0
0
0
0
0
0
0
0
0
0
0
0
0
0
0
0
0
0
0
0
0
0
0
0
0
0
0
0
0
0
0
0
0
0
0
0
0
0
0
0
0
0
0
0
0
0
0
0
0
0
0
0
0
0
0
0
0
0
0
0
0
0
0
0
0
0
0
0
0
0
0
0
0
0
0
0
0
0
0
0
0
0
0
0
0
0
0
0
0
0
0
0
0
0
0
0
0
0
0
0
0
0
0
0
0
0
0
0
0
0
0
0
0
0
0
0
0
0
1
1
1
1
1
1
0
0
0
1
1
1
2
2
3
4
4
4
3
3
2
1
1
1
2
2
3
4
4
4
4
4
5
7
9
12
16
19
21
23
23
22
20
17
14
11
8
5
4
3
2
3
4
6
8
10
12
14
14
14
13
12
10
8
6
5
4
2
1
0
-1
-2
-3
-4
-5
-6
-6
-7
-8
-8
-9
-11
-12
-13
-14
-15
-16
-16
-17
-17
-18
-19
-20
-21
-21
-21
-21
-20
-19
-17
-16
-15
-15
-16
-17
-18
-18
-18
-18
-17
-16
-15
-14
-13
-13
-13
-12
-12
-12
-11
-11
-11
-11
-11
-11
-11
-10
-9
-7
-5
-2
0
3
4
5
5
5
5
4
4
4
4
4
4
4
3
2
1
1
1
1
3
4
5
6
6
5
4
3
2
2
2
2
2
2
2
1
1
1
2
3
5
7
8
8
8
7
5
4
2
1
0
0
-1
-1
-2
-2
-2
-2
-2
-1
-1
-2
-2
-3
-4
-4
-3
-3
-2
-2
-2
-2
-2
-2
-2
-1
0
1
2
3
5
6
8
10
12
14
16
17
18
17
16
14
11
7
3
-3
-9
-16
-22
-29
-34
-38
-41
-42
-41
-38
-33
-26
-16
-4
9
22
34
45
54
62
67
69
70
68
63
55
44
32
19
6
-6
-17
-27
-36
-46
-56
-66
-75
-82
-84
-83
-76
-66
-52
-36
-18
0
19
38
56
73
88
98
103
103
97
86
72
56
39
24
10
-2
-12
-21
-30
-39
-49
-59
-71
-81
-90
-95
-96
-93
-84
-71
-54
-35
-13
10
33
55
75
91
102
107
106
99
87
72
55
38
22
9
-1
-9
-15
-20
-27
-37
-48
-63
-78
-93
-104
-112
-114
-110
-99
-83
-63
-39
-12
15
43
69
91
107
117
120
115
103
87
68
49
31
16
4
-5
-11
-15
-20
-27
-36
-49
-63
-79
-94
-105
-112
-114
-109
-98
-82
-60
-34
-6
23
52
79
101
116
124
124
117
104
86
66
46
28
13
1
-7
-12
-16
-21
-27
-37
-49
-64
-79
-93
-104
-110
-110
-105
-93
-76
-54
-28
0
30
59
85
107
122
129
129
121
107
89
70
50
32
17
5
-3
-9
-14
-19
-26
-36
-48
-62
-77
-91
-102
-108
-109
-104
-92
-76
-55
-29
-1
28
57
83
104
120
128
128
122
109
91
72
52
34
18
6
-3
-9
-14
-20
-27
-36
-48
-62
-76
-89
-99
-105
-106
-102
-91
-76
-56
-32
-5
23
51
77
99
114
123
124
118
107
91
72
53
35
19
6
-3
-11
-17
-23
-30
-38
-50
-63
-77
-90
-101
-107
-109
-106
-97
-83
-65
-42
-17
10
38
63
86
103
114
118
115
105
91
74
55
37
21
7
-3
-11
-18
-23
-29
-36
-46
-57
-69
-82
-92
-100
-103
-102
-96
-85
-69
-50
-28
-3
23
49
72
91
105
113
114
109
98
84
68
51
34
19
7
-3
-11
-17
-23
-30
-38
-47
-58
-69
-80
-88
-93
-93
-90
-82
-71
-55
-37
-16
7
30
53
74
91
102
108
107
101
90
77
62
46
32
18
7
-3
-11
-18
-24
-30
-37
-44
-53
-61
-69
-76
-80
-81
-79
-73
-63
-51
-36
-18
2
22
43
63
79
91
98
100
96
88
77
64
50
35
22
10
-1
-10
-18
-25
-31
-37
-44
-52
-60
-67
-74
-78
-79
-77
-72
-63
-52
-37
-21
-2
18
37
56
72
84
92
94
91
85
74
62
48
34
21
9
-2
-10
-17
-22
-27
-31
-36
-41
-48
-55
-61
-67
-70
-71
-68
-62
-53
-41
-27
-11
6
23
40
56
69
79
84
84
80
71
60
48
35
23
12
3
-4
-10
-15
-19
-24
-29
-33
-39
-44
-48
-52
-55
-56
-55
-53
-48
-41
-32
-21
-9
4
17
30
42
51
58
61
62
59
53
46
37
29
21
14
8
2
-2
-7
-11
-15
-19
-22
-25
-28
-31
-33
-35
-37
-38
-38
-37
-33
-28
-22
-15
-7
0
7
14
20
26
32
36
38
39
38
35
31
26
21
16
11
7
3
0
-3
-7
-10
-13
-16
-17
-19
-20
-21
-21
-21
-21
-21
-20
-18
-16
-13
-10
-6
-2
2
6
10
13
16
19
20
22
22
22
21
19
17
14
10
6
3
0
-3
-5
-7
-8
-9
-11
-12
-13
-14
-15
-15
-14
-13
-11
-10
-8
-6
-4
-2
0
2
4
6
7
8
9
10
10
10
10
10
9
8
7
5
4
2
0
-1
-2
-3
-3
-4
-4
-5
-5
-6
-6
-6
-6
-5
-4
-4
-3
-3
-2
-2
-1
-1
0
1
2
3
3
3
3
3
3
3
3
2
2
1
1
0
0
-1
-1
-2
-2
-2
-1
-1
-1
-1
-1
-1
-1
-1
-1
-1
-1
0
0
0
0
1
1
1
2
2
2
1
1
1
0
0
0
0
0
0
0
0
0
0
0
0
1
1
1
1
1
1
1
1
1
1
1
1
1
0
0
0
0
0
1
1
1
1
0
0
-1
-1
-1
-1
0
0
0
0
0
0
-1
-1
-1
-1
0
0
0
0
1
1
1
1
1
2
2
2
1
1
0
0
-1
-1
-1
-1
-1
0
0
0
0
0
0
0
0
0
0
0
0
0
0
0
0
1
1
1
1
1
1
0
0
0
0
0
0
0
0
-1
-1
0
0
0
0
0
0
-1
-1
-1
-1
-1
0
0
0
0
0
0
0
0
0
0
0
-1
-1
-1
-1
-1
-1
0
0
0
0
0
0
0
0
0
0
0
0
0
0
-1
0
0
0
0
0
0
0
0
-1
-1
0
0
0
1
1
1
1
0
0
0
0
0
0
-1
-1
-1
-1
-1
0
0
0
1
1
1
1
1
0
0
0
0
0
0
0
0
0
0
1
1
1
1
1
0
0
0
0
0
0
0
0
0
0
0
0
-1
-1
-1
-1
-1
-1
-1
-1
-1
-1
0
0
1
1
0
0
0
-1
-1
-1
-1
0
0
0
0
-1
-1
-1
-1
0
0
0
0
0
0
0
-1
0
0
0
1
1
1
1
0
-1
-1
-1
-1
-1
-1
0
0
0
1
0
0
0
0
0
0
0
0
0
0
0
0
0
0
0
0
0
-1
-1
-1
-1
-1
0
0
0
0
0
0
0
0
0
0
0
0
0
0
1
1
1
0
0
0
-1
-1
-1
-1
-1
-1
-1
-1
-1
-1
-1
0
0
0
0
0
0
0
0
0
0
0
0
0
0
0
-1
-1
-1
-1
0
0
1
1
1
1
0
-1
-1
-1
-1
-1
-1
0
0
0
0
0
0
0
0
1
1
1
1
0
0
-1
-1
-1
-1
-1
-1
-1
-1
-1
-1
0
0
1
2
2
2
2
2
1
1
0
0
-1
-1
-1
-1
-2
-2
-2
-2
-1
0
1
2
3
4
3
2
1
-1
-2
-3
-3
-2
-1
0
0
1
1
0
0
-1
-1
-1
-1
-1
-1
-2
-2
-2
-2
-1
-1
0
1
1
1
0
0
0
0
0
0
0
0
-1
-1
-1
-1
-1
0
0
1
1
1
1
1
0
0
-1
-1
-1
-1
0
0
0
0
0
0
-1
-1
-2
-2
-2
-2
-2
-2
-1
0
1
2
2
3
3
2
1
0
0
-1
-2
-2
-2
-2
-2
-2
-2
-1
-1
-1
-1
-1
-1
-2
-2
-3
-3
-4
-3
-3
-2
0
1
2
3
4
5
5
5
5
5
5
5
5
5
6
5
5
3
1
-3
-7
-11
-15
-19
-22
-24
-26
-26
-26
-25
-22
-17
-11
-3
5
13
20
27
32
36
38
38
38
36
33
29
24
18
12
5
-2
-11
-20
-31
-43
-55
-64
-70
-71
-67
-56
-41
-23
-4
14
30
42
50
54
54
50
44
37
28
20
14
10
8
11
16
23
31
36
37
32
20
1
-23
-48
-72
-90
-100
-101
-92
-74
-51
-24
4
29
51
66
74
74
68
55
38
20
3
-10
-17
-18
-13
-2
12
28
43
53
57
53
39
16
-14
-47
-78
-104
-120
-124
-115
-95
-67
-34
-1
31
57
75
85
86
78
63
44
23
3
-12
-21
-23
-17
-6
9
26
42
54
61
59
47
27
-1
-33
-65
-93
-112
-119
-115
-99
-74
-44
-13
17
42
61
72
76
72
62
47
30
13
-2
-11
-15
-12
-5
6
19
31
40
45
46
41
29
13
-8
-31
-54
-73
-86
-91
-87
-75
-58
-37
-16
3
19
32
40
44
44
41
36
29
21
14
8
5
4
7
11
16
21
24
25
23
20
14
7
-2
-11
-21
-31
-38
-43
-45
-43
-39
-33
-26
-20
-13
-8
-3
2
7
12
17
21
23
24
23
21
19
17
16
15
14
13
12
11
9
7
5
4
3
2
0
-2
-4
-8
-11
-15
-18
-21
-22
-23
-24
-23
-22
-20
-17
-12
-7
-1
4
9
13
16
17
17
16
15
13
12
11
10
9
9
9
9
10
10
10
9
8
6
4
0
-3
-7
-10
-13
-16
-17
-18
-18
-18
-18
-16
-15
-13
-11
-8
-5
-2
0
3
5
6
8
9
10
11
12
12
13
14
14
14
13
12
11
9
7
5
3
0
-2
-4
-6
-8
-9
-10
-11
-12
-13
-13
-14
-14
-13
-12
-11
-9
-7
-4
-2
0
2
4
6
8
9
11
12
12
13
13
13
12
11
10
9
7
6
4
2
-1
-3
-5
-7
-8
-9
-10
-11
-11
-11
-11
-10
-9
-8
-7
-6
-4
-3
-1
0
2
3
4
5
6
7
8
9
9
9
9
9
8
7
6
5
4
3
1
0
-2
-3
-4
-5
-5
-6
-6
-6
-5
-5
-5
-5
-4
-3
-2
-1
-1
0
1
1
2
2
3
3
4
4
4
4
4
3
3
2
2
1
1
1
1
0
0
0
0
-1
-1
-1
-2
-2
-2
-2
-2
-1
-1
-1
0
0
0
0
0
1
1
1
1
1
1
1
1
1
1
1
1
1
1
0
0
0
0
0
0
0
0
0
0
0
0
0
0
0
0
0
0
0
0
1
1
1
1
1
1
1
1
0
0
0
0
0
0
0
0
1
1
1
0
0
0
0
0
0
0
1
0
0
0
0
0
0
0
0
0
0
0
0
0
0
0
0
0
0
0
0
0
0
0
0
0
0
0
0
0
0
0
0
1
1
1
0
0
0
0
0
0
1
1
1
1
0
0
0
0
0
-1
-1
-1
-1
-1
-1
0
0
0
0
0
0
0
0
0
0
0
0
0
0
0
0
0
0
0
0
0
0
0
0
0
0
0
0
-1
-1
-1
-1
-1
-1
-1
-1
-1
-1
-1
-1
-2
-2
-2
-2
-2
-2
-2
-2
-2
-3
-3
-3
-3
-3
-3
-4
-4
-4
-5
-5
-5
-6
-6
-6
-6
-6
-6
-6
-6
-5
-5
-5
-5
-4
-4
-4
-3
-3
-2
-2
-1
0
0
1
2
2
3
3
3
3
4
4
4
5
5
5
5
6
6
6
6
6
6
6
6
6
6
6
6
6
5
5
5
5
4
4
4
4
4
4
4
3
3
2
2
2
2
1
1
1
1
0
0
0
0
0
0
0
0
0
-1
-1
-1
-1
-1
-1
-1
-1
-1
-1
-1
-1
-1
-1
-1
-1
-2
-2
-2
-2
-2
-2
-2
-1
-1
-1
-1
-1
-1
-1
-1
-1
-1
-1
-1
-1
-1
-1
-1
0
0
0
0
0
0
0
0
0
0
0
0
0
0
0
0
0
0
0
0
0
0
0
0
0
0
0
0
0
0
0
0
0
0
0
0
0
0
0
0
0
0
0
0
0
0
0
0
0
0
0
0
0
0
0
0
0
0
0
0
0
0
0
0
0
0
0
0
0
0
0
0
0
0
0
0
0
0
0
0
0
0
0
0
0
0
0
0
0
0
0
0
0
0
0
0
0
0
0
0
0
-1
-1
-1
-1
-1
-1
-1
-1
-1
-1
-1
-1
-1
-1
-1
-1
-1
-1
-1
-1
-1
-1
-1
-1
-1
-1
-1
-1
-1
0
0
0
0
0
0
0
0
0
0
0
0
0
0
0
0
0
0
0
0
0
0
0
0
0
0
0
0
0
0
0
0
0
0
0
0
0
0
0
0
0
0
0
0
0
0
0
0
0
0
0
0
0
0
0
0
0
0
0
0
0
0
0
0
0
0
0
0
0
0
0
0
0
0
0
0
0
0
0
0
0
0
0
0
0
0
0
0
0
0
0
0
0
0
0
0
0
0
0
0
0
0
0
0
0
0
0
0
0
0
0
0
0
0
0
0
0
0
0
0
0
0
0
0
0
0
0
0
0
0
0
0
0
0
0
0
0
0
0
0
0
0
0
0
0
0
0
0
0
0
0
0
0
0
0
0
0
0
0
0
0
0
0
0
0
0
0
0
0
0
0
0
0
0
0
0
0
0
0
0
0
0
0
0
0
0
0
0
0
0
0
0
0
0
0
0
0
0
0
0
0
0
0
0
0
0
0
0
0
0
0
0
0
0
0
0
0
0
0
0
0
