33
-1
0
0
0
0
-1
-1
-1
-1
0
0
0
0
0
-1
-1
-1
-1
0
0
0
0
-1
-1
-1
-1
-1
0
0
0
0
-1
-1
-1
-1
0
0
0
0
0
-1
-1
-1
-1
0
0
0
0
-1
-1
-1
-1
0
0
0
0
0
-1
-1
-1
-1
0
0
0
0
0
-1
-1
-1
-1
0
0
0
0
0
0
0
0
0
-1
-1
-1
-1
-1
0
0
0
0
0
-1
-1
-1
-1
-1
-1
-1
-1
-1
0
0
0
0
0
-1
-1
-1
-1
-1
0
0
0
0
0
-1
-1
-1
-1
-1
0
0
0
0
0
-1
-1
-1
-1
0
0
0
0
0
0
0
0
0
0
0
0
0
0
0
0
0
0
-1
-1
-1
-1
0
0
0
0
-1
-1
-1
-1
0
0
0
0
-1
-1
-1
-1
0
0
0
0
0
0
0
0
0
-1
-1
-1
-1
0
0
0
0
-1
-1
-1
-1
-1
0
0
0
0
-1
-1
-1
-1
-1
-1
-1
-1
-1
-1
0
0
0
0
0
1
1
0
0
0
0
-1
-1
-1
-1
0
0
0
0
-1
-1
-1
0
0
0
-1
-1
-1
-1
0
0
0
0
0
0
0
0
0
-1
-1
-1
-1
0
0
0
-1
-1
-1
-1
-2
-2
-2
-2
-1
-1
-1
-1
0
0
0
-1
-1
-1
0
0
0
0
-1
-1
-1
-1
-1
-1
-1
-1
-1
0
0
0
0
-1
-1
-1
-1
-1
0
0
0
0
-1
-1
-1
-1
0
0
0
0
0
-1
-1
-1
-1
0
0
0
0
-1
-1
-1
-1
-1
0
0
0
0
-1
-1
-1
-1
0
0
0
0
0
-1
-1
-1
-1
0
-1
-1
-1
-1
0
0
0
0
-1
-1
-1
-1
-1
0
0
0
0
-1
-1
-1
-1
0
0
0
0
0
-1
-1
-1
-1
0
0
0
0
-1
-1
-1
0
0
0
0
0
0
0
0
0
0
0
0
0
-1
-1
-1
-1
-1
-1
-1
-1
-1
-1
-1
-1
-1
-1
0
0
0
0
0
0
0
0
0
0
0
0
0
-1
-1
-1
-1
-1
-1
-1
-1
0
0
0
-1
-1
-1
0
0
0
0
1
1
1
0
0
0
0
-1
-1
-1
0
0
0
-1
-1
-1
-1
0
0
0
0
0
0
0
0
0
0
0
0
1
0
0
-1
-1
-1
-1
-1
0
0
-1
-1
-2
-2
-2
0
1
2
2
1
-2
-6
-10
-13
-13
-12
-10
-6
-2
1
3
4
4
5
5
5
5
4
3
2
0
-1
-1
-1
-1
-1
-1
-1
-1
-1
-1
0
1
1
2
2
1
1
1
1
2
2
3
4
4
4
3
3
2
2
3
3
3
3
3
3
3
3
3
3
2
2
1
0
-1
-1
-2
-1
-1
-1
0
0
1
1
2
2
2
3
3
2
2
1
1
0
0
-1
-1
-1
-2
-2
-2
-2
-3
-2
-2
-2
-1
-1
-1
-1
-1
-1
0
0
0
0
0
1
1
0
0
0
0
-1
-1
-1
-1
-1
-1
-1
-1
-1
-1
-1
-1
-1
-1
0
-1
-1
-1
-1
-1
0
0
0
0
0
0
0
1
1
1
1
1
0
0
0
-1
-1
-1
-1
-1
0
0
0
-1
-1
-1
0
0
0
0
1
0
0
0
0
-1
-1
0
0
0
-1
-1
-1
-1
-1
-1
-1
-1
0
-1
-1
-1
-2
-2
-1
-1
-1
0
0
0
0
0
0
0
0
0
0
0
0
0
0
-1
-1
-1
-1
-1
-1
-1
-1
-1
-1
-1
-1
-1
-1
-1
-1
-1
-1
-1
0
0
0
0
0
0
0
-1
-1
-1
0
0
0
0
-1
-1
-1
-1
-1
-1
-1
0
0
0
0
-1
-1
-1
-1
0
0
0
0
-1
-1
-1
-1
-1
-1
-1
-1
-1
-1
-1
-1
-1
-2
-2
-1
-1
-1
-1
-1
-1
-1
-1
-1
-1
0
0
0
0
0
0
-1
-1
-1
-1
-1
-1
0
0
-1
-1
-1
-1
-1
-1
-1
0
0
0
0
0
-1
-1
-1
-1
0
0
0
0
0
0
0
0
0
0
0
0
0
0
0
-1
-1
-1
-1
-2
-2
-2
-2
-2
-1
-1
-1
-1
-1
-1
-1
-1
-1
0
0
0
0
0
-1
-1
-1
-1
-1
-1
-1
-1
-1
-1
-1
-1
-1
-1
-1
-1
-2
-2
-2
-2
-1
-1
-1
-1
-2
-2
-2
-2
-1
-1
-1
-1
-1
-1
-1
-2
-2
-1
-1
-1
-1
-1
-1
-1
-1
-1
-1
-1
-1
-1
-1
-1
-1
-1
-1
-1
-1
-1
-1
-1
-1
-1
-1
-1
-1
-1
-1
-1
-1
-1
-1
-1
-1
-1
-1
-1
-1
-1
0
0
0
0
0
0
0
0
0
0
0
0
0
0
-1
-1
-1
-1
-1
-1
-1
-1
-1
0
0
0
0
-1
-1
-1
-1
0
0
0
0
-1
-1
-1
-1
-1
-1
-1
-1
-1
-1
-1
0
0
0
-1
-1
-1
-1
-1
-1
-1
0
0
0
0
-1
-1
-1
-1
-1
-1
-1
-1
-1
-1
-1
-1
-1
-1
-1
-1
-1
-1
-1
-1
-1
-1
-1
-1
-1
-1
-1
-1
-1
-1
-1
-1
-1
-1
-1
0
0
-1
-1
-1
-1
-1
-1
-1
-1
-1
-1
-1
-1
-1
-1
-1
-1
-1
-1
-1
-1
-1
-1
-1
-1
-1
-1
0
0
-1
-1
-1
-1
-1
-1
-1
0
0
0
-1
-1
-1
-2
-2
-1
-1
-1
0
0
0
0
0
-1
-1
-1
-1
0
0
0
0
-1
-1
-1
-1
0
0
0
0
0
-1
-1
-1
-1
0
0
0
0
0
-1
-1
-1
-1
0
0
0
0
0
-1
-1
-1
-1
0
0
0
0
0
-1
-1
-1
-1
0
0
0
0
-1
-1
-1
-1
-1
0
0
0
0
-1
-1
-1
-1
-1
0
0
0
0
0
-1
-1
0
0
0
0
0
0
0
0
0
0
0
0
0
0
0
0
-1
-1
-1
-1
-1
0
0
0
0
-1
-1
-1
-1
0
0
0
0
0
-1
-1
-1
-1
0
0
0
0
-1
-1
-1
-1
-1
0
0
0
0
-1
-1
-1
-1
0
0
0
0
-7
-1
-1
-1
-1
0
0
0
0
-1
-1
-1
-1
-1
0
0
0
0
-1
-1
-1
-1
0
0
0
0
-1
-1
-1
-1
-1
-1
-2
-2
-2
-2
-1
-1
-1
-1
-2
-2
-2
-2
-1
-1
-1
-1
-2
-2
-2
-2
-1
-1
-1
-1
-2
-2
-2
-2
-1
-1
-1
-1
-2
-2
-2
-2
-2
-2
-2
-2
-1
-1
-1
-2
-2
-2
-2
-1
-1
-1
-1
0
0
0
0
-1
-1
-1
-1
0
0
0
0
0
0
1
1
1
1
0
0
0
0
1
1
1
1
1
0
0
0
0
1
1
1
1
0
0
0
0
1
1
1
1
0
0
0
0
0
0
-1
-1
-1
0
0
0
0
0
-1
-1
-1
-1
0
0
0
0
-1
-1
-1
-1
-1
-1
-1
-1
0
0
0
0
-1
-1
-1
-1
0
0
0
0
-1
-1
-1
-1
-1
-1
-1
-1
-1
-1
-1
-1
-1
-2
-2
-2
-2
-1
-1
-1
-1
-1
-2
-2
-2
-2
-1
-1
-1
-1
-1
-2
-2
-2
-2
-1
-1
-1
-1
-2
-2
-2
-2
-2
-1
-1
-1
-1
-1
-1
-1
-1
-1
-1
-1
-1
-1
-1
-1
-1
-1
-1
-2
-2
-2
-2
-1
-1
-1
-1
-2
-2
-2
-2
-1
-1
-1
-1
-2
-2
-2
-2
-1
-1
-1
-2
-2
-2
-2
-1
-1
-1
-1
-2
-2
-2
-2
-1
-1
-1
-1
-1
-1
0
0
0
0
-1
-1
-1
-1
-1
0
0
0
0
0
0
0
-1
-1
-1
-1
-1
-1
-1
-1
-1
-1
-1
-1
-2
-2
-2
-2
-1
-1
-1
-1
-2
-2
-2
-2
-1
-1
-1
-1
-2
-2
-2
-1
-1
-1
-1
-1
-1
0
0
0
0
-1
-1
-1
-1
0
0
0
0
-1
-1
-1
-1
0
0
0
0
0
-1
-1
-1
-1
0
0
0
0
0
-1
-1
-1
-1
0
0
0
0
-1
-1
-1
-1
-1
0
0
0
0
-1
-1
-1
-1
0
0
0
0
0
-1
-1
-1
-1
0
0
0
0
-1
-1
-1
-1
-1
0
0
0
0
0
0
0
0
0
0
0
0
0
0
0
0
0
0
0
0
0
0
0
0
0
0
0
0
0
0
0
0
0
0
0
0
0
0
0
0
0
0
0
0
0
0
0
0
0
0
0
0
0
0
0
0
0
0
0
0
0
0
0
0
0
0
0
-1
-1
-1
-1
0
0
0
0
-1
-1
-1
-1
-1
0
0
0
0
-1
-1
-1
-1
0
0
0
0
0
-1
-1
-1
-1
0
0
0
0
-1
-1
-1
-1
-1
0
0
0
0
-1
-1
-1
-1
0
0
0
0
0
-1
-1
-1
-1
0
0
0
0
-1
-1
-1
-1
-1
0
0
0
0
-1
-1
-1
-1
-1
-1
-1
-1
0
0
0
-1
-1
-1
-1
-1
-1
-1
-1
-1
-1
-1
-1
-1
0
0
0
0
0
-1
-1
-1
-1
-1
0
0
0
0
-1
-1
-1
-1
0
0
0
0
0
-1
-1
-1
-1
0
0
0
0
-1
-1
-1
-1
0
0
0
0
0
-1
-1
-1
-1
0
0
0
0
-1
-1
-1
-1
0
0
0
0
-1
-1
-1
-1
0
0
0
0
0
-1
-1
-1
0
0
0
0
0
0
0
0
0
0
0
0
0
0
0
0
0
0
-1
-1
-1
-1
0
0
0
0
0
-1
-1
-1
-1
0
0
0
0
-1
-1
-1
-1
-1
0
0
0
0
-1
-1
-1
-1
0
0
0
0
0
-1
-1
-1
-1
0
0
0
0
-1
-1
-1
-1
-1
0
0
0
0
-1
-1
-1
-1
0
0
0
0
0
-1
-1
-1
-1
0
0
0
0
-1
-1
-1
-1
-1
-1
-1
-1
-1
-1
-1
-1
-1
-1
-1
-1
-1
-1
0
0
0
0
-1
-1
-1
-1
0
0
0
0
0
-1
-1
-1
-1
0
0
0
0
-1
-1
-1
-1
-1
0
0
0
0
-1
-1
-1
-1
0
0
0
0
0
-1
-1
-1
-1
0
0
0
0
-1
-1
-1
-1
0
0
0
0
-1
-1
-1
0
0
0
-1
-1
-1
-1
0
0
0
0
0
-1
-1
-1
-1
0
0
0
0
-1
-1
-1
-1
-1
0
0
0
0
-1
-1
-1
-1
-1
0
0
0
0
-1
-1
-1
-1
0
0
0
0
-1
-1
-1
-1
-1
0
0
0
0
-1
-1
-1
-1
0
0
0
0
0
-1
-1
-1
-1
0
0
0
0
0
-1
-1
-2
-1
0
1
1
1
-1
-2
-3
-2
-1
1
3
3
1
-1
-4
-4
-3
1
4
6
5
0
-6
-10
-10
-5
5
16
24
24
17
3
-12
-23
-25
-18
-5
10
19
20
12
-2
-15
-23
-21
-12
2
13
17
14
3
-9
-18
-19
-14
-3
8
14
13
7
-3
-12
-15
-13
-12
3
10
11
7
0
-7
-11
-11
-6
0
6
8
7
3
-2
-6
-8
-6
-2
2
5
5
3
0
-4
-5
-5
-2
1
4
5
4
1
-1
-4
-4
-3
-1
1
3
3
2
0
-2
-3
-3
-2
0
1
2
2
1
-1
-2
-2
-2
-1
0
1
1
0
0
-1
-2
-2
-1
-1
0
0
0
0
-1
-1
-2
-2
-1
-1
0
0
0
-1
-1
-1
-2
-1
-1
-1
0
0
-1
-1
-1
-1
-1
-1
-1
0
0
0
0
0
-1
-1
-2
-2
-1
-1
0
0
0
0
0
-1
-1
-2
-1
-1
-1
0
0
0
0
0
-1
-1
-2
-1
-1
0
0
0
0
-1
-1
-1
-1
-1
0
0
1
0
0
-1
-2
-1
-1
0
1
1
0
-1
-2
-2
-2
-1
1
2
2
0
-2
-3
-3
-2
0
2
3
2
0
-4
-6
-6
-2
3
8
12
12
8
3
-3
-6
-6
-2
4
10
14
16
14
10
6
2
0
1
4
10
16
20
22
20
13
4
-3
-8
-7
-3
1
-1
-14
-38
-69
-97
-113
-109
-82
-40
7
43
57
47
19
-16
-42
-48
-34
-5
27
48
52
38
16
-5
-15
-9
8
29
45
50
45
33
23
20
23
30
36
35
26
12
-2
-12
-18
-22
-29
-43
-63
-84
-97
-95
-73
-36
6
40
55
47
21
-12
-36
-43
-29
0
31
54
58
45
21
-3
-16
-15
-1
19
36
44
41
32
22
17
20
29
37
39
33
20
4
-9
-14
-13
-10
-13
-26
-51
-81
-107
-118
-107
-74
-28
19
51
60
45
13
-21
-44
-46
-28
3
36
58
61
46
21
-5
-20
-19
-4
18
39
50
50
41
28
19
18
23
31
36
33
24
9
-5
-14
-18
-19
-23
-35
-57
-85
-110
-123
-114
-83
-36
14
54
70
60
29
-9
-40
-51
-39
-9
28
57
69
60
36
7
-15
-22
-12
10
35
53
58
50
35
21
12
13
20
29
34
30
19
4
-11
-22
-28
-31
-35
-46
-64
-86
-105
-112
-103
-76
-35
9
45
64
64
46
19
-8
-24
-25
-14
6
26
39
42
36
26
17
12
14
21
30
37
39
36
30
25
22
21
23
25
23
18
9
-1
-12
-22
-31
-40
-53
-70
-89
-106
-115
-112
-93
-61
-21
19
50
66
64
49
27
6
-8
-12
-7
4
15
23
28
28
28
29
32
37
41
42
39
34
28
22
20
20
21
22
19
13
4
-5
-14
-21
-28
-38
-53
-72
-95
-115
-125
-121
-100
-65
-21
22
54
71
70
57
36
16
2
-4
-3
3
11
17
22
26
32
39
46
51
52
48
39
28
20
15
15
19
22
22
17
8
-3
-13
-20
-25
-30
-40
-56
-78
-103
-123
-131
-122
-94
-51
-4
39
67
77
70
52
29
10
-1
-3
0
7
12
16
18
21
28
36
46
54
57
53
44
33
22
15
13
14
17
17
14
7
-2
-10
-16
-21
-26
-36
-52
-75
-100
-121
-132
-127
-104
-67
-23
19
52
69
72
62
46
29
16
8
4
3
4
6
10
17
27
39
51
60
62
57
47
34
23
15
13
13
15
13
9
1
-7
-14
-18
-19
-23
-30
-46
-69
-95
-119
-133
-131
-111
-77
-34
10
45
67
75
70
58
44
30
20
12
7
3
1
3
9
19
33
47
57
62
60
51
40
29
20
14
11
8
4
-2
-9
-15
-18
-19
-18
-19
-25
-39
-61
-87
-112
-127
-129
-113
-83
-45
-4
31
55
68
70
64
55
45
35
25
15
6
0
-3
-1
8
22
37
50
59
61
57
49
39
30
21
14
7
-1
-9
-16
-21
-22
-21
-18
-17
-21
-33
-53
-77
-101
-117
-121
-111
-88
-56
-21
12
39
57
66
69
67
62
53
42
29
14
1
-9
-12
-8
3
18
35
48
57
60
57
50
41
31
21
10
0
-11
-20
-27
-30
-29
-25
-21
-21
-26
-38
-56
-76
-94
-105
-105
-94
-73
-46
-17
10
32
49
61
67
69
66
59
48
32
15
0
-12
-16
-13
-2
13
29
43
54
58
57
52
45
35
24
13
1
-11
-21
-29
-32
-31
-27
-24
-23
-27
-38
-54
-71
-87
-97
-97
-88
-70
-46
-20
4
25
42
54
62
66
66
61
51
37
20
3
-11
-19
-19
-12
2
18
34
47
55
58
56
50
41
31
20
8
-4
-15
-24
-29
-31
-30
-27
-24
-25
-31
-42
-57
-71
-83
-89
-86
-76
-59
-38
-16
5
23
39
51
60
64
64
58
48
33
16
1
-12
-18
-18
-11
0
15
29
41
49
52
52
48
41
33
23
13
2
-7
-15
-21
-24
-25
-24
-22
-23
-27
-35
-47
-61
-73
-81
-83
-78
-67
-50
-30
-10
8
25
38
48
55
57
55
49
39
26
13
1
-8
-13
-13
-8
1
12
23
33
41
46
47
45
40
33
25
16
8
1
-6
-11
-15
-18
-19
-20
-21
-24
-30
-39
-49
-60
-69
-74
-74
-68
-57
-42
-26
-9
6
20
31
40
46
48
46
41
33
23
13
3
-3
-7
-7
-3
3
11
19
27
34
39
40
39
36
30
24
18
13
7
2
-3
-7
-11
-14
-16
-17
-19
-23
-30
-39
-49
-59
-66
-67
-63
-53
-40
-26
-13
-2
7
15
23
31
40
46
49
47
38
25
8
-7
-18
-21
-15
-1
17
35
49
57
58
53
45
36
30
25
22
18
12
4
-5
-12
-16
-18
-20
-26
-39
-62
-91
-121
-142
-145
-126
-87
-34
19
59
78
72
46
11
-21
-38
-37
-19
8
34
49
51
41
24
9
2
5
16
31
43
49
49
44
40
38
39
42
42
36
24
9
-6
-17
-22
-23
-25
-35
-56
-87
-120
-144
-149
-128
-83
-25
32
72
85
70
35
-5
-37
-48
-36
-7
27
54
65
58
38
14
-4
-9
-1
15
34
47
52
49
41
35
33
36
42
46
44
34
18
1
-10
-15
-13
-11
-16
-32
-63
-101
-136
-157
-152
-120
-66
-4
50
82
84
59
19
-20
-46
-50
-32
-1
32
55
61
50
29
7
-7
-9
1
18
35
47
50
47
40
35
33
36
41
43
39
29
14
0
-11
-15
-16
-17
-26
-46
-76
-110
-138
-148
-134
-95
-40
16
60
79
70
40
1
-32
-48
-41
-17
15
43
57
54
37
15
-4
-12
-7
8
26
40
46
44
37
31
29
32
40
46
47
39
26
9
-5
-12
-12
-9
-9
-20
-45
-80
-117
-145
-152
-132
-88
-30
27
67
80
66
31
-8
-39
-50
-39
-12
20
46
57
51
33
11
-5
-10
-4
10
25
36
39
36
31
28
30
37
45
50
47
37
20
4
-8
-12
-9
-6
-9
-24
-52
-90
-125
-147
-146
-117
-68
-10
42
72
75
52
16
-21
-44
-47
-29
1
31
51
54
41
21
0
-11
-11
0
16
30
37
37
32
28
27
32
40
47
48
42
28
12
-1
-7
-6
-2
-2
-14
-40
-77
-116
-144
-150
-129
-83
-25
31
69
79
62
26
-13
-42
-50
-36
-8
24
48
55
46
26
5
-9
-12
-3
11
26
34
35
32
27
27
32
40
47
49
42
29
14
1
-4
-2
2
1
-12
-40
-79
-119
-147
-151
-127
-77
-16
39
74
80
58
19
-22
-48
-52
-33
0
34
56
60
46
22
-1
-14
-14
-2
14
28
35
34
29
24
25
32
42
49
49
41
26
10
0
-2
1
5
-1
-20
-55
-97
-134
-153
-144
-106
-48
14
62
84
75
42
-1
-36
-53
-45
-18
17
46
59
54
34
10
-9
-15
-9
5
21
31
33
29
23
22
26
35
44
48
43
32
17
5
1
3
8
6
-9
-39
-81
-122
-150
-151
-122
-69
-5
50
82
82
54
11
-31
-54
-53
-28
8
42
61
59
41
14
-8
-18
-13
2
20
33
35
30
21
16
18
27
39
47
47
37
21
8
1
2
7
9
-2
-29
-70
-113
-143
-149
-123
-72
-9
47
80
81
53
11
-30
-53
-51
-27
9
41
58
56
38
13
-8
-16
-12
2
17
27
29
26
20
19
23
31
39
41
36
25
12
5
5
11
15
11
-10
-46
-90
-129
-148
-138
-99
-40
21
67
84
70
33
-12
-46
-57
-44
-11
26
53
63
53
29
4
-13
-17
-8
8
22
30
29
22
16
14
19
28
36
38
33
23
12
6
7
12
13
5
-19
-56
-98
-130
-142
-124
-81
-22
34
71
79
59
21
-20
-47
-52
-34
-2
31
53
58
46
25
3
-10
-13
-6
6
17
25
28
28
29
30
31
31
27
20
13
9
10
15
19
16
-2
-34
-76
-116
-142
-141
-111
-59
1
52
80
77
49
7
-31
-53
-50
-27
6
39
58
61
48
26
5
-9
-13
-7
4
17
28
35
40
40
37
31
22
12
6
4
8
14
18
13
-6
-40
-81
-119
-141
-137
-105
-52
8
57
83
79
50
8
-31
-54
-54
-32
2
36
58
64
53
31
8
-8
-14
-8
6
23
38
46
46
40
28
16
7
3
6
11
16
14
1
-25
-60
-97
-125
-135
-121
-83
-32
21
61
79
71
42
4
-30
-49
-47
-27
3
34
55
62
54
36
16
2
-4
2
14
28
39
43
38
28
17
9
7
10
15
17
9
-12
-45
-83
-117
-137
-134
-107
-61
-7
42
74
81
65
32
-4
-34
-46
-40
-19
10
37
54
57
49
34
19
9
7
13
22
30
34
32
26
19
14
13
16
19
16
2
-25
-61
-100
-131
-144
-133
-98
-45
12
59
86
87
65
28
-10
-38
-48
-39
-15
14
40
55
57
49
35
23
16
16
20
25
27
26
21
17
14
16
21
23
18
0
-30
-69
-109
-139
-148
-133
-94
-39
18
64
89
89
67
33
-3
-30
-41
-36
-18
5
26
41
48
48
43
38
34
30
27
23
17
12
9
10
16
23
27
22
6
-23
-62
-102
-133
-147
-137
-104
-54
0
49
80
90
79
53
21
-7
-25
-31
-26
-13
3
18
30
40
47
51
52
49
42
30
17
6
-1
-1
5
12
16
10
-8
-38
-74
-108
-131
-135
-117
-81
-35
13
51
74
79
69
50
27
7
-6
-13
-15
-12
-6
3
14
27
40
51
58
58
51
39
24
11
2
-2
-2
-3
-10
-25
-47
-74
-98
-114
-116
-101
-73
-37
1
33
55
64
63
55
43
30
18
7
-1
-7
-9
-7
0
12
26
40
50
55
53
47
37
26
16
6
-4
-17
-35
-56
-78
-98
-111
-112
-101
-79
-49
-17
12
35
51
58
58
55
48
39
29
19
9
0
-5
-6
-1
7
18
29
38
44
47
46
42
34
23
7
-12
-36
-61
-84
-102
-111
-110
-97
-77
-51
-24
1
21
37
47
53
56
56
53
47
39
29
19
10
3
0
0
2
6
10
14
16
17
16
12
7
0
-8
-16
-24
-31
-35
-38
-37
-36
-33
-30
-27
-24
-21
-18
-14
-9
-3
3
9
14
19
23
25
27
29
29
29
28
27
25
23
20
18
15
13
11
8
5
1
-3
-8
-13
-18
-24
-29
-33
-37
-40
-42
-42
-40
-37
-32
-25
-18
-9
-1
8
15
22
27
31
34
35
35
34
33
32
30
27
25
21
18
13
9
4
-1
22
-11
-16
-21
-26
-30
-34
-38
-40
-42
-42
-42
-39
-35
-30
-23
-15
-6
3
11
18
25
30
33
35
36
36
36
34
32
29
25
21
16
11
6
1
-4
-8
-12
-15
-18
-21
-23
-25
-26
-28
-29
-29
-30
-29
-28
-26
-23
-18
-13
-6
0
6
12
17
21
24
26
27
27
27
26
24
22
19
16
13
10
6
3
-1
-4
-8
-10
-12
-14
-15
-16
-16
-17
-17
-17
-17
-17
-16
-16
-14
-13
-10
-8
-5
-2
1
4
7
9
10
12
13
13
13
14
14
14
13
13
12
10
8
6
3
1
-2
-4
-6
-8
-9
-11
-11
-12
-12
-11
-11
-10
-9
-8
-6
-5
-4
-3
-2
-1
0
0
1
2
2
3
4
4
5
6
6
6
6
6
5
5
4
2
1
0
-1
-3
-4
-5
-5
-6
-6
-7
-6
-6
-6
-5
-5
-4
-3
-3
-2
-1
0
1
1
2
3
3
3
3
3
3
3
3
2
2
2
1
1
1
0
0
-1
-1
-2
-2
-2
-2
-2
-2
-2
-2
-2
-2
-1
-1
-1
-1
0
0
0
0
1
1
1
1
0
0
0
0
1
1
1
1
0
0
0
0
-1
-1
-1
-1
-1
-1
-1
-1
-1
-1
-1
0
0
0
1
1
1
0
0
0
0
0
1
1
0
0
-1
-2
-2
-1
0
0
0
0
-1
-2
-3
-3
-1
2
5
8
10
10
9
6
3
0
-3
-5
-6
-6
-6
-5
-3
-1
2
4
6
6
6
4
1
-1
-2
-2
-2
-1
-1
-1
-1
-2
-3
-4
-4
-4
-3
-2
-2
-2
-2
-2
-2
-1
-1
-1
0
-1
-1
-1
-1
-1
-1
-1
-1
-1
-2
-2
-2
-2
-1
-1
-1
-1
-1
-1
-1
0
1
1
1
0
-1
-1
-2
-1
0
2
2
2
0
-2
-3
-2
0
5
11
15
17
16
11
3
-4
-11
-14
-14
-11
-6
-2
2
3
3
3
2
1
1
1
0
-1
-2
-3
-5
-5
-5
-4
-2
-1
-1
-1
-1
-1
-1
-1
-1
-1
-1
-1
-2
-3
-3
-3
-3
-3
-2
-1
0
0
0
0
0
0
0
0
0
0
0
0
0
0
0
1
1
1
1
0
0
-1
-1
-1
-1
-2
-2
-2
-1
-1
0
0
1
1
1
0
-1
-2
-2
-2
0
2
4
6
6
6
6
4
2
0
-1
-2
-3
-4
-4
-4
-3
-2
-1
0
2
3
3
2
2
1
0
-1
-1
-2
-2
-2
-3
-3
-3
-2
-2
-1
0
0
0
0
-1
-1
-2
-2
-2
-2
-2
-1
-1
-1
-1
-1
-1
-1
-1
-2
-2
-2
-2
-2
-2
-2
-1
-1
-1
0
1
1
1
1
0
0
-1
-2
-2
-2
-2
-2
-2
-2
-1
-1
-1
-1
-1
-1
-2
-2
-3
-3
-3
-3
-2
-2
-1
0
0
-1
-1
-2
-3
-4
-4
-4
-4
-4
-4
-5
-7
-9
-13
-16
-20
-23
-24
-25
-24
-22
-19
-15
-10
-4
3
10
18
25
29
32
31
28
23
18
12
7
3
1
-1
-2
-3
-2
-1
1
3
6
9
12
14
15
16
16
16
15
14
13
12
10
8
6
4
2
1
0
-1
-2
-3
-4
-4
-5
-5
-5
-5
-4
-4
-3
-3
-3
-4
-4
-4
-4
-5
-5
-5
-5
-5
-5
-4
-4
-3
-3
-2
-1
-1
-1
-1
-1
-1
-2
-2
-3
-3
-4
-4
-5
-5
-5
-5
-6
-6
-6
-5
-5
-5
-4
-3
-2
-1
0
1
1
2
3
3
4
4
3
3
2
2
1
0
0
-1
-1
-1
-2
-2
-2
-2
-1
-1
-1
-1
0
0
1
1
1
1
2
2
2
2
2
2
2
2
1
1
1
1
0
0
0
0
-1
-1
-1
-1
-1
-1
-1
-1
-1
-2
-2
-2
-2
-1
-1
-1
-1
-1
0
0
0
0
0
0
1
1
1
1
0
0
0
0
0
-1
-1
-1
-1
-2
-2
-2
-2
-2
-2
-2
-2
-2
-1
-1
-1
-1
0
0
0
0
0
0
0
0
0
0
0
0
-1
-1
-1
-1
-1
-1
-1
-2
-1
-1
-1
-1
-1
-1
0
0
-1
-1
-1
0
0
0
-1
-1
-1
-1
0
0
0
0
0
0
0
0
0
0
-1
-1
-1
-1
0
0
0
0
-1
-1
-1
-1
0
0
0
0
0
-1
-1
-1
-1
0
0
0
0
-1
-1
-1
-1
-1
0
0
0
0
-1
-1
-1
-1
-1
0
0
0
0
-1
-1
-1
-1
-1
0
0
0
0
0
-1
-1
-1
-1
0
0
0
0
-1
-1
-1
-1
-1
0
0
0
0
-1
-1
-1
-1
0
0
0
0
0
-1
-1
-1
-1
0
0
0
0
0
0
0
0
0
-1
-1
-1
-1
0
0
0
0
0
-1
-1
-1
-1
0
0
0
0
0
-1
-1
-1
-1
-1
0
0
0
0
-1
-1
-1
-1
-1
-1
-1
-1
-1
0
0
0
0
-1
-1
-1
-1
-1
0
0
0
0
-1
-1
-1
-1
-1
0
0
0
0
0
0
0
0
0
-1
-1
-1
-1
0
0
0
0
0
0
0
0
0
0
0
-1
-1
-1
0
0
0
0
0
-1
-1
-1
-1
0
0
0
0
-1
-1
-1
-1
-1
0
0
0
0
-1
-1
-1
-1
-1
-1
-1
-1
-1
-1
-1
-1
-1
-1
-1
-1
-1
-1
-1
-1
-1
-1
-1
-1
-1
0
0
0
0
0
-1
-1
-1
-1
0
0
0
0
0
-1
-1
-1
-1
0
0
0
0
-1
-1
-1
-1
0
0
0
0
0
-1
-1
-1
-1
0
0
0
0
-1
-1
-1
-1
0
0
0
0
0
-1
-1
-1
-1
0
0
0
0
-1
-1
-1
-1
-1
-1
-1
-1
-1
0
0
0
0
-1
-1
-1
-1
-1
0
0
0
0
-1
-1
-1
-1
0
0
0
0
-1
-1
-1
-1
-1
0
0
0
0
-1
-1
-1
0
0
0
-1
-1
-1
0
0
0
0
0
-1
-1
-1
-1
0
0
0
0
-1
-1
-1
-1
-1
0
0
0
0
-1
-1
-1
-1
0
0
0
0
0
-1
-1
-1
-1
0
0
0
0
0
0
0
0
0
0
0
0
0
0
1
1
2
3
3
3
3
3
2
2
1
1
1
1
2
3
3
3
3
3
4
5
6
9
12
15
18
21
22
22
21
19
17
13
10
7
5
3
2
2
2
4
6
8
10
12
13
14
13
13
11
9
8
6
4
3
2
1
0
-1
-3
-4
-5
-5
-6
-7
-7
-8
-9
-10
-11
-12
-14
-15
-16
-16
-17
-17
-18
-18
-19
-20
-21
-22
-22
-22
-21
-19
-18
-17
-16
-16
-16
-17
-18
-19
-19
-18
-17
-16
-15
-14
-14
-13
-13
-13
-13
-12
-12
-11
-11
-11
-11
-12
-11
-11
-10
-8
-5
-3
0
2
4
5
5
5
4
4
4
4
4
4
4
3
3
2
1
0
0
1
2
3
5
5
5
5
4
3
2
1
1
2
2
2
1
1
0
1
1
3
4
6
7
8
7
6
5
3
2
1
0
-1
-1
-2
-2
-3
-3
-2
-2
-2
-2
-2
-3
-4
-4
-4
-4
-3
-3
-3
-2
-3
-3
-3
-2
-2
-1
1
2
3
4
5
7
9
11
14
15
17
17
17
16
14
11
7
2
-3
-10
-16
-23
-29
-35
-39
-42
-43
-42
-39
-34
-26
-16
-4
8
21
34
45
54
61
66
69
69
67
62
54
44
32
18
5
-7
-18
-27
-37
-47
-57
-67
-76
-82
-85
-83
-77
-66
-52
-36
-19
-1
18
37
55
73
87
98
103
102
96
85
71
55
39
23
10
-2
-13
-22
-30
-39
-49
-60
-71
-81
-90
-96
-97
-93
-85
-72
-55
-35
-13
10
33
55
74
90
101
106
105
99
87
72
54
37
21
8
-2
-9
-15
-21
-28
-37
-49
-63
-78
-93
-105
-113
-114
-110
-100
-84
-63
-39
-13
15
43
68
90
107
117
119
114
103
87
68
49
31
15
3
-5
-11
-16
-21
-28
-37
-49
-64
-79
-94
-106
-113
-114
-110
-99
-82
-60
-35
-7
23
52
78
100
115
123
124
116
103
85
66
46
27
12
1
-7
-12
-17
-21
-28
-37
-50
-64
-79
-93
-104
-110
-111
-105
-94
-76
-55
-29
0
29
58
84
106
121
129
128
121
107
89
69
49
31
16
4
-4
-10
-14
-20
-27
-36
-48
-63
-78
-91
-102
-108
-109
-104
-93
-76
-55
-30
-2
27
56
82
104
119
128
128
121
108
91
71
52
33
18
6
-3
-9
-15
-20
-27
-37
-49
-62
-76
-90
-100
-106
-107
-102
-92
-76
-56
-32
-5
23
51
77
98
114
123
124
118
106
90
72
53
35
19
6
-4
-11
-17
-23
-30
-39
-50
-63
-77
-90
-101
-108
-110
-106
-98
-84
-65
-43
-18
10
37
63
85
103
114
117
114
105
91
73
55
37
21
7
-4
-12
-18
-23
-29
-37
-46
-57
-70
-82
-93
-100
-104
-103
-96
-85
-70
-51
-28
-3
23
48
71
91
105
113
114
108
98
84
67
50
34
19
6
-4
-11
-18
-24
-30
-38
-48
-59
-70
-80
-88
-93
-94
-90
-83
-71
-56
-38
-17
6
30
53
73
90
102
107
106
100
90
76
61
46
31
18
6
-4
-12
-18
-25
-31
-37
-45
-53
-62
-70
-76
-81
-82
-79
-73
-64
-52
-36
-19
1
22
43
62
79
91
98
99
95
88
76
63
49
35
22
9
-2
-11
-18
-25
-31
-38
-45
-52
-60
-68
-74
-78
-80
-78
-72
-64
-52
-38
-21
-3
17
37
55
71
84
91
94
91
84
74
61
47
34
20
8
-2
-11
-18
-23
-27
-31
-36
-42
-48
-55
-62
-67
-71
-72
-69
-63
-54
-42
-28
-12
5
23
40
56
69
78
83
83
79
71
60
47
34
22
11
2
-5
-11
-16
-20
-24
-29
-34
-39
-44
-49
-53
-55
-57
-56
-53
-48
-41
-32
-22
-9
4
17
30
41
51
57
61
61
58
53
45
37
28
20
13
7
2
-3
-7
-11
-15
-19
-23
-26
-29
-31
-33
-36
-38
-39
-39
-37
-34
-29
-22
-15
-8
0
7
13
20
26
31
35
38
39
38
35
31
25
20
15
11
7
3
0
-4
-7
-11
-14
-16
-18
-19
-20
-21
-22
-22
-22
-22
-21
-19
-17
-14
-10
-6
-2
2
6
9
13
16
18
20
21
22
21
20
18
16
13
10
6
2
-1
-3
-6
-7
-9
-10
-11
-12
-14
-15
-15
-15
-15
-14
-12
-10
-8
-6
-4
-2
0
2
3
5
7
8
9
9
9
9
9
9
9
8
7
5
3
1
0
-2
-3
-3
-4
-4
-5
-5
-6
-6
-7
-7
-6
-6
-5
-4
-4
-3
-3
-2
-2
-1
0
1
1
2
3
3
3
3
3
2
2
2
1
1
0
0
-1
-1
-2
-2
-2
-2
-2
-2
-2
-2
-2
-2
-2
-2
-2
-1
-1
-1
-1
0
0
0
0
1
1
1
1
1
1
0
0
-1
-1
-1
0
0
0
0
0
0
0
0
0
0
0
0
0
0
0
0
0
0
0
0
0
0
0
0
0
0
0
0
0
0
0
-1
-1
-1
-1
-1
-1
0
0
0
-1
-1
-1
-1
-1
-1
-1
-1
0
0
0
0
0
1
1
1
1
1
1
0
0
-1
-1
-1
-1
-1
-1
-1
-1
-1
-1
-1
-1
-1
-1
-1
-1
-1
-1
-1
-1
0
0
0
1
1
0
0
0
0
0
0
0
0
0
-1
-1
-1
-1
-1
-1
-1
-1
-1
-1
-1
-1
-1
-1
-1
-1
-1
0
0
0
0
0
0
0
0
-1
-1
-1
-2
-2
-1
-1
-1
-1
-1
-1
-1
-1
-1
-1
0
0
0
-1
-1
-1
-1
-1
-1
0
0
0
0
-1
-1
-1
-1
-1
-1
0
0
0
0
0
0
0
-1
-1
-1
-1
-1
-1
-1
-1
-1
-1
-1
0
0
0
0
0
0
0
0
-1
-1
-1
-1
-1
-1
0
0
0
0
0
0
0
0
0
-1
-1
-1
-1
0
0
0
0
-1
-1
-1
-1
-1
-2
-2
-2
-2
-2
-1
-1
-1
0
0
0
0
-1
-1
-1
-1
-1
-1
-1
-1
-1
-1
-1
-1
-1
-1
-1
-1
0
0
0
-1
-1
-1
-1
-1
0
0
0
0
0
0
-1
-2
-2
-2
-1
-1
-1
0
0
0
0
0
0
-1
-1
-1
-1
0
0
0
0
0
0
0
0
-1
-1
-1
-1
-1
-1
-1
-1
-1
-1
0
0
0
0
0
0
0
0
0
0
0
0
0
0
0
0
-1
-1
-1
-1
-1
-1
-1
-1
-1
-1
-1
-1
-1
-1
-1
0
0
-1
-1
-1
-1
-1
0
0
0
0
-1
-1
-1
-2
-1
-1
0
0
0
0
0
-1
-1
-2
-2
-2
-1
-1
-1
-1
-1
-1
-1
-1
-1
0
0
0
0
0
0
-1
-1
-1
-1
-1
-1
-1
-1
-1
-1
-1
-1
0
0
1
2
2
2
1
1
0
0
-1
-1
-1
-2
-2
-2
-2
-2
-2
-2
-1
1
2
3
3
3
2
0
-2
-3
-3
-3
-3
-2
-1
0
0
0
0
-1
-1
-1
-1
-1
-1
-2
-2
-2
-2
-2
-2
-1
0
0
0
0
0
-1
-1
-1
-1
-1
-1
-1
-1
-1
-1
-1
-1
-1
0
0
1
1
1
0
0
-1
-1
-1
-1
-1
-1
-1
-1
-1
-1
-1
-1
-2
-2
-3
-3
-3
-3
-2
-1
0
0
1
2
2
2
2
1
0
-1
-2
-2
-3
-3
-3
-3
-2
-2
-2
-2
-1
-1
-1
-2
-2
-3
-4
-4
-4
-4
-3
-2
-1
0
2
3
3
4
5
5
5
5
5
5
5
5
5
5
4
3
0
-3
-7
-11
-16
-19
-22
-25
-26
-27
-27
-25
-22
-18
-11
-4
4
12
20
26
32
35
37
38
37
35
32
28
23
18
11
5
-3
-11
-21
-32
-44
-55
-65
-71
-72
-67
-57
-42
-23
-4
14
29
42
50
53
53
50
44
36
28
20
13
9
8
10
15
23
30
36
37
32
19
1
-23
-49
-72
-91
-101
-101
-92
-75
-51
-24
3
29
50
65
73
74
67
54
38
19
3
-10
-18
-19
-13
-3
12
28
42
53
57
52
38
16
-14
-47
-79
-104
-120
-124
-116
-96
-68
-35
-1
30
56
75
85
86
78
63
44
23
3
-12
-21
-23
-18
-7
9
26
42
54
60
58
47
27
-1
-33
-65
-93
-112
-120
-115
-99
-75
-45
-13
16
42
60
72
75
72
62
47
29
12
-2
-12
-15
-13
-5
6
18
30
39
45
45
40
29
12
-9
-32
-55
-74
-86
-91
-87
-76
-58
-37
-16
3
19
31
39
43
44
41
36
29
21
13
7
4
4
6
11
16
20
23
24
23
19
14
7
-2
-12
-22
-31
-39
-44
-46
-44
-40
-34
-27
-20
-14
-9
-4
1
6
12
16
20
23
23
23
21
19
17
15
14
14
13
12
10
8
6
5
4
3
1
0
-2
-5
-8
-12
-15
-19
-21
-23
-24
-24
-24
-23
-20
-17
-13
-8
-2
4
9
13
15
17
17
16
14
13
12
10
9
9
9
9
9
9
9
9
9
8
6
3
0
-4
-7
-11
-14
-16
-18
-19
-19
-19
-18
-17
-16
-14
-11
-9
-6
-3
0
2
4
6
7
8
9
10
11
12
13
13
13
13
13
12
10
9
7
5
2
0
-2
-5
-6
-8
-10
-11
-12
-13
-13
-14
-14
-14
-14
-13
-11
-9
-7
-5
-3
-1
2
4
6
7
9
10
11
12
12
12
12
12
11
10
8
7
5
3
1
-1
-3
-5
-7
-9
-10
-11
-11
-11
-11
-11
-11
-10
-9
-8
-6
-5
-3
-2
0
1
3
4
5
6
7
8
8
9
9
9
8
8
7
6
5
4
2
1
-1
-2
-4
-5
-5
-6
-6
-6
-6
-6
-6
-6
-5
-5
-4
-3
-2
-1
0
0
1
1
2
2
3
3
3
4
4
3
3
2
2
1
1
1
0
0
0
0
-1
-1
-1
-1
-2
-2
-2
-2
-2
-2
-2
-1
-1
-1
-1
0
0
0
0
0
1
1
1
1
1
1
1
1
0
0
0
0
0
0
0
0
0
0
0
0
0
0
-1
-1
0
0
0
0
0
0
0
0
0
0
0
0
1
1
0
0
0
-1
-1
-1
-1
-1
0
0
0
0
0
0
0
0
0
0
0
0
0
0
0
0
0
0
0
0
0
0
0
0
0
0
0
0
0
0
0
0
0
0
0
0
0
0
0
-1
-1
-1
0
0
0
0
0
0
0
0
0
0
0
0
0
0
0
0
0
0
-1
-1
-1
-1
-1
-1
-1
-1
-1
-1
-1
-1
-1
-1
-1
-1
-1
-1
-1
-1
-1
0
0
0
0
-1
-1
-1
-1
-1
-1
-1
-1
-1
-1
-1
-1
-1
-1
-1
-1
-1
-1
-1
-1
-1
-2
-2
-2
-2
-2
-2
-2
-2
-2
-3
-3
-3
-3
-3
-4
-4
-4
-4
-4
-4
-5
-5
-5
-6
-6
-6
-6
-6
-6
-6
-6
-6
-6
-6
-5
-5
-5
-4
-4
-4
-3
-3
-2
-2
-1
0
1
1
2
2
2
3
3
3
4
4
4
4
5
5
5
6
6
6
6
6
6
5
5
5
5
5
5
5
5
4
4
4
4
4
4
4
3
3
3
2
2
2
1
1
1
1
0
0
0
0
0
0
0
0
-1
-1
-1
-1
-1
-1
-2
-2
-2
-1
-1
-1
-2
-2
-2
-2
-2
-2
-2
-2
-2
-2
-2
-2
-2
-2
-2
-2
-2
-2
-2
-1
-1
-1
-1
-2
-2
-2
-2
-1
-1
-1
-1
-1
-1
0
0
0
0
-1
-1
-1
-1
0
0
0
0
-1
-1
-1
-1
-1
0
0
0
0
0
0
0
0
-1
-1
-1
-1
-1
0
0
0
0
-1
-1
-1
-1
0
0
0
0
0
-1
-1
-1
-1
-1
-1
-1
-1
0
0
0
0
0
-1
-1
-1
-1
0
0
0
0
-1
-1
-1
-1
0
0
0
0
-1
-1
-1
-1
0
0
0
-1
-1
-1
-1
0
0
0
0
-1
-1
-1
-1
0
0
0
0
-1
-1
-1
-1
-1
-1
-2
-2
-2
-2
-1
-1
-1
-1
-2
-2
-2
-2
-1
-1
-1
-1
-1
-1
-1
-1
-1
-1
-1
-1
-1
-1
-1
-1
-1
-1
0
0
0
0
0
-1
-1
-1
-1
0
0
0
0
0
-1
-1
-1
-1
0
0
0
0
-1
-1
-1
-1
-1
0
0
0
0
-1
-1
-1
-1
0
0
0
0
0
-1
-1
-1
-1
0
0
0
0
-1
-1
-1
-1
-1
0
0
0
0
-1
-1
-1
-1
0
0
0
0
0
-1
-1
-1
-1
0
0
0
0
-1
-1
-1
-1
-1
0
0
0
0
-1
-1
-1
-1
-1
0
0
0
0
0
0
0
0
0
0
0
0
0
0
0
0
-1
-1
-1
-1
0
0
0
0
-1
-1
-1
-1
-1
0
0
0
0
-1
-1
-1
-1
-1
0
0
0
0
-1
-1
-1
-1
0
0
0
0
-1
-1
-1
-1
-1
0
0
0
0
-1
-1
-1
-1
0
0
0
-1
-1
-1
-1
0
0
0
0
0
-1
-1
-1
-1
0
0
0
0
-1
-1
-1
-1
-1
0
0
0
0
-1
-1
-1
-1
-1
0
0
0
0
0
0
0
0
0
0
0
0
0
0
-1
-1
-1
-1
0
0
0
0
-1
-1
-1
-1
0
0
0
0
0
-1
