0
0
0
0
0
0
0
0
0
0
0
0
0
0
0
0
0
0
0
0
0
0
0
0
0
0
0
0
0
0
0
0
0
0
0
0
0
0
0
0
0
0
0
0
0
0
0
0
0
0
0
0
0
0
0
0
0
0
0
0
0
0
0
0
0
0
0
0
1
1
1
1
1
1
1
1
0
0
0
0
0
0
0
0
0
0
0
0
0
0
0
0
0
0
0
0
0
0
0
0
0
0
0
0
0
0
0
0
0
0
0
0
0
0
0
0
0
0
0
0
0
0
0
0
0
0
0
0
0
0
0
0
0
0
0
0
0
1
1
1
1
1
1
1
0
0
0
0
0
0
0
0
0
0
0
0
0
0
0
0
0
0
0
0
0
0
0
0
0
0
0
0
0
0
0
0
0
0
0
0
0
0
0
-1
-1
-1
-1
-1
-1
-1
-1
0
0
0
0
0
0
0
0
0
0
0
0
0
0
-1
-1
-1
-1
-1
0
0
0
0
0
0
0
0
0
0
0
0
0
0
0
0
0
0
0
0
0
0
0
0
0
0
0
0
0
0
0
0
0
0
0
0
0
0
0
0
0
0
0
0
0
0
0
0
0
0
0
0
0
0
0
0
0
0
0
0
0
0
0
0
0
0
0
0
0
0
0
0
0
0
0
0
0
0
0
0
0
0
0
0
0
0
0
0
0
0
0
0
0
0
0
1
1
1
1
1
1
1
0
0
0
0
0
0
0
0
0
0
0
0
0
0
0
0
0
0
0
1
1
1
1
1
0
0
0
0
0
0
0
0
0
0
0
0
0
0
0
0
0
0
0
0
0
1
1
1
1
1
1
1
1
0
0
0
0
0
0
0
0
0
0
0
0
0
0
0
1
1
1
1
1
1
1
0
0
0
0
0
0
0
0
0
0
-1
-1
-1
0
0
0
0
0
0
-1
-2
-3
-4
-6
-8
-10
-10
-10
-8
-5
-2
2
6
8
9
8
7
4
2
1
0
0
0
0
0
0
-1
-1
-2
-2
-1
0
1
2
3
3
2
2
1
1
2
2
3
4
4
4
4
3
3
3
3
4
4
4
3
3
3
3
3
4
4
3
2
1
0
-1
-1
-1
-1
0
0
1
1
2
2
2
2
3
3
3
3
3
2
1
0
0
-1
-1
-1
-1
-1
-2
-2
-2
-2
-2
-1
-1
0
0
0
0
0
0
0
1
1
1
1
1
1
0
0
0
0
0
0
0
0
-1
-1
-1
0
0
0
0
0
0
0
0
0
0
0
1
1
1
1
1
1
1
1
1
1
1
1
1
0
0
0
0
0
0
0
0
0
0
0
0
0
0
1
1
1
1
1
0
0
0
0
0
0
0
0
0
-1
-1
-1
-1
0
0
0
0
0
-1
-1
-1
-1
0
0
0
0
0
0
0
0
0
1
1
1
1
0
0
0
0
0
0
0
0
0
0
-1
-1
-1
-1
0
0
0
0
0
0
-1
-1
0
0
0
1
1
1
0
0
0
0
0
0
0
0
0
0
0
0
0
0
0
0
0
0
0
0
0
0
0
0
0
0
0
0
0
0
0
0
0
0
0
0
-1
-1
-1
-1
-1
-1
0
0
-1
-1
-1
-1
-1
-1
0
0
0
0
0
0
0
0
0
0
0
0
0
0
0
-1
-1
-1
0
0
0
0
0
0
-1
-1
0
0
0
1
1
1
0
0
0
-1
0
0
0
1
1
1
1
0
0
0
0
0
0
0
0
0
-1
-1
-2
-2
-1
-1
-1
-1
0
0
-1
-1
-1
-1
0
0
0
0
0
0
0
0
0
0
0
0
0
0
0
0
0
0
0
0
-1
-1
-1
-1
-1
-1
-1
-1
-1
-1
-1
-1
-1
-1
-1
-1
-1
0
0
0
0
-1
-1
-1
-1
-1
-1
0
0
0
0
0
0
0
-1
-1
-1
-1
-1
0
0
0
0
0
0
-1
-1
-1
-1
0
0
0
0
0
0
-1
-1
-1
-1
-1
0
0
0
0
0
0
0
0
0
0
0
0
0
0
0
0
0
0
0
0
0
-1
-1
-1
-1
0
0
0
0
0
0
0
0
0
0
0
0
0
0
0
0
0
-1
-1
-1
-1
-1
-1
0
0
0
0
0
0
0
0
0
0
0
0
0
0
0
0
0
0
0
-1
-1
-1
-1
-1
-1
0
0
0
0
0
0
-1
-1
-1
0
0
0
0
0
0
0
0
0
0
0
0
0
0
0
0
0
0
0
0
0
0
0
0
-1
-1
-1
-1
0
0
0
0
0
0
0
0
-1
-1
-1
0
0
0
0
0
0
0
0
0
0
0
0
0
0
0
0
0
0
0
0
0
0
-1
-1
-1
-1
0
0
0
0
1
1
0
0
0
0
-1
0
0
0
0
0
0
0
0
0
0
0
0
0
0
0
0
0
0
0
0
0
0
0
0
0
0
0
0
0
0
0
0
0
0
0
0
0
0
0
0
0
0
0
0
0
0
0
0
0
0
0
0
0
0
0
0
0
0
0
0
0
0
0
0
0
0
0
0
0
0
0
0
0
0
0
0
0
0
0
0
0
0
0
0
0
0
0
0
0
0
0
0
0
0
0
0
0
0
0
0
0
0
0
0
0
0
0
0
0
0
0
0
0
0
0
0
0
0
0
0
0
0
0
0
0
0
0
0
0
0
0
0
0
0
0
0
0
0
0
0
0
0
0
0
0
0
0
0
0
0
0
0
0
0
0
-1
-1
-1
-1
-1
-1
-1
-1
-1
-1
-1
-1
-1
-1
-1
-1
-1
-1
-1
-1
-1
-1
-1
-1
-1
-1
-1
-1
-1
-1
-1
-1
-1
-1
-1
-1
-1
-1
-1
-1
-1
-1
-1
-1
-1
-1
-1
-1
-1
-1
-1
-1
0
0
0
0
0
0
0
0
0
0
0
0
0
0
1
1
1
1
1
1
1
1
1
1
1
1
1
1
1
1
1
1
1
1
1
1
1
1
1
1
1
1
1
1
1
1
1
1
0
0
0
0
0
0
0
0
0
0
0
0
0
0
0
0
0
0
0
0
0
0
0
0
0
0
0
0
0
0
0
0
0
0
0
0
0
0
0
0
0
0
0
-1
-1
-1
-1
-1
-1
-1
-1
-1
-1
-1
-1
-1
-1
-1
-1
-1
-1
-1
-1
-1
-1
-1
-1
-1
-1
-1
-1
-1
-1
-1
-1
-1
-1
-1
-1
-1
-1
-1
-1
-1
-1
-1
-1
-1
-1
-1
-1
-1
-1
-1
0
0
0
0
0
-1
-1
-1
-1
-1
-1
-1
-1
-1
-1
-1
-1
-1
-1
-1
-1
-1
-1
-1
-1
-1
-1
-1
-1
-1
-1
-1
-1
-1
-1
-1
-1
-1
-1
-1
-1
-1
-1
-1
-1
0
0
0
0
0
0
0
0
0
0
0
0
0
0
0
0
0
0
0
0
0
0
0
0
0
0
0
0
-1
-1
-1
-1
-1
-1
-1
-1
-1
-1
-1
-1
-1
-1
-1
-1
-1
-1
-1
-1
-1
-1
-1
-1
-1
0
0
0
0
0
0
0
0
0
0
0
0
0
0
0
0
0
0
0
0
0
0
0
0
0
0
0
0
0
0
0
0
0
0
0
0
0
0
0
0
0
0
0
0
0
0
0
0
0
0
0
0
0
0
0
0
0
0
0
0
0
0
0
0
0
0
0
0
0
0
0
0
0
0
0
0
0
0
0
0
0
0
0
0
0
0
0
0
0
0
0
0
0
0
0
0
0
0
0
0
0
0
0
0
0
0
0
0
0
0
0
0
0
0
0
0
0
0
0
0
0
0
0
0
0
0
0
0
0
0
0
0
0
0
0
0
0
0
0
0
0
0
0
0
0
0
0
0
0
0
0
0
0
0
0
0
0
0
0
0
0
0
0
0
0
0
0
0
0
0
0
0
0
0
0
0
0
0
0
0
0
0
0
0
0
0
0
0
0
0
0
0
0
0
0
0
0
0
0
0
0
0
0
0
0
0
0
0
0
0
0
0
0
0
0
0
0
0
0
0
0
0
0
0
0
0
0
0
0
0
0
0
0
0
0
0
0
0
0
0
0
0
0
0
0
0
0
0
0
0
0
0
0
0
0
0
0
0
0
0
0
0
0
0
0
0
0
0
0
0
0
0
0
0
0
0
0
0
0
0
0
0
0
0
0
0
0
0
0
0
0
0
0
0
0
0
0
0
0
0
0
0
0
0
0
0
0
0
0
0
0
0
0
0
0
0
0
0
0
0
0
0
0
0
0
0
0
0
0
0
0
0
0
0
0
0
0
0
0
0
0
0
0
0
0
0
0
0
0
0
0
0
0
0
0
0
0
0
0
0
0
0
0
0
0
0
0
0
0
0
0
0
0
0
0
0
0
0
0
0
0
0
0
0
0
0
0
0
0
0
0
0
0
0
0
0
0
0
0
0
0
0
0
0
0
0
0
0
0
0
0
0
0
0
0
0
0
0
0
0
0
0
0
0
0
0
0
0
0
0
0
0
0
0
0
0
0
0
0
0
0
0
0
0
0
0
0
0
0
0
0
0
0
0
0
0
0
0
0
0
0
0
0
0
0
0
0
0
0
0
0
0
0
0
0
0
0
0
0
0
0
0
0
0
0
0
0
0
0
0
0
0
0
0
0
0
0
0
0
0
0
0
0
0
0
0
0
0
0
0
0
0
0
0
0
0
0
0
0
0
0
0
0
0
0
0
0
0
0
0
0
0
0
0
0
0
0
0
0
0
0
0
0
0
0
0
0
0
0
0
0
0
0
0
0
0
1
1
1
0
0
0
0
0
1
2
4
6
8
10
10
8
4
-1
-6
-10
-12
-11
-7
-1
5
10
10
7
1
-6
-12
-14
-12
-6
2
9
12
10
4
-4
-11
-14
-13
-6
2
10
13
11
4
-4
-12
-14
-11
-4
5
11
13
10
2
-7
-13
-13
-9
0
8
13
13
7
-2
-9
-13
-12
-5
4
11
13
11
3
-5
-11
-12
-8
0
8
12
12
6
-2
-9
-12
-9
-3
4
10
11
8
1
-6
-10
-10
-6
1
8
11
9
4
-3
-8
-10
-7
-2
4
8
9
5
-1
-6
-9
-8
-4
2
6
7
5
1
-4
-7
-7
-4
0
4
6
5
2
-2
-6
-6
-4
-1
3
5
5
2
-1
-4
-5
-4
-1
2
4
4
2
-1
-3
-5
-4
-2
1
3
4
3
0
-2
-3
-3
-2
0
2
3
2
1
-1
-2
-2
-1
0
1
2
1
0
-1
-2
-1
0
1
2
2
1
0
-1
-2
-1
0
1
2
2
1
0
-2
-2
-2
-1
1
2
2
1
0
-1
-2
-2
-1
1
2
2
1
0
-1
-2
-2
0
2
4
5
6
6
5
5
4
3
3
3
3
4
5
7
10
12
13
13
11
8
5
4
4
7
12
16
18
17
12
3
-7
-17
-25
-32
-37
-43
-50
-58
-66
-71
-69
-58
-38
-11
16
38
49
46
30
7
-17
-33
-36
-24
-2
25
46
56
52
36
15
-3
-11
-6
12
35
56
67
64
49
26
2
-15
-21
-18
-10
-4
-5
-18
-39
-63
-82
-90
-84
-63
-34
-3
22
37
39
31
18
5
-5
-10
-9
-3
5
15
23
30
33
32
26
18
9
2
0
6
19
35
49
57
55
43
24
4
-11
-17
-15
-8
-2
-2
-13
-34
-59
-82
-96
-96
-82
-57
-27
0
20
31
33
28
20
10
2
-5
-9
-9
-4
5
18
32
42
44
37
23
5
-9
-12
-2
19
44
66
74
66
44
14
-13
-29
-29
-17
0
12
10
-9
-41
-76
-105
-117
-109
-84
-49
-15
12
27
31
29
24
20
17
13
7
-1
-9
-12
-7
7
28
47
58
56
39
14
-10
-23
-17
6
38
69
85
79
54
17
-19
-40
-41
-25
0
20
23
5
-30
-72
-106
-123
-116
-91
-55
-22
2
13
15
14
17
25
37
45
43
29
6
-18
-34
-33
-14
18
52
75
78
62
31
0
-19
-20
-1
29
58
73
69
46
14
-16
-33
-33
-20
-4
6
1
-21
-54
-89
-113
-121
-110
-85
-54
-25
-4
11
20
29
39
49
56
54
41
18
-8
-28
-36
-26
-2
29
57
73
72
56
33
12
2
5
18
36
48
49
38
19
-3
-18
-24
-21
-14
-10
-14
-30
-55
-82
-103
-114
-110
-94
-70
-42
-16
7
27
43
57
65
66
58
40
16
-9
-26
-31
-21
1
30
55
70
72
61
43
25
14
13
19
29
35
35
26
12
-3
-14
-19
-18
-16
-17
-25
-42
-64
-87
-104
-111
-106
-89
-65
-38
-10
15
36
54
66
71
68
54
32
6
-17
-32
-32
-18
7
35
58
70
68
56
39
25
18
19
27
35
38
33
20
3
-12
-20
-21
-15
-9
-8
-17
-36
-61
-86
-106
-114
-110
-95
-73
-47
-22
2
24
44
62
73
76
68
49
23
-5
-25
-33
-25
-5
22
48
65
70
63
49
35
26
24
27
31
32
27
15
0
-13
-21
-21
-17
-11
-10
-18
-34
-57
-81
-100
-109
-108
-97
-79
-57
-33
-8
17
42
64
81
87
81
62
34
4
-20
-32
-28
-11
13
38
56
63
59
50
39
32
31
33
35
33
24
9
-7
-21
-29
-28
-22
-14
-11
-16
-29
-50
-72
-91
-102
-104
-97
-82
-64
-42
-19
7
33
59
79
89
87
72
47
18
-8
-23
-25
-14
5
25
41
49
50
46
41
39
41
44
44
39
27
9
-10
-26
-35
-34
-27
-18
-13
-15
-25
-43
-63
-81
-93
-96
-93
-83
-69
-51
-30
-6
22
49
73
89
93
83
62
35
9
-10
-19
-16
-6
7
20
28
32
34
37
42
49
55
56
49
34
13
-9
-28
-38
-40
-34
-25
-18
-18
-24
-36
-51
-64
-74
-79
-79
-76
-71
-62
-49
-30
-6
23
51
75
88
88
77
56
32
11
-3
-9
-8
-3
3
8
12
17
25
35
48
59
65
63
51
31
8
-13
-28
-35
-35
-29
-24
-22
-25
-32
-42
-51
-59
-64
-68
-69
-70
-69
-64
-53
-34
-8
21
50
71
82
81
70
52
33
17
6
0
-3
-4
-5
-4
-2
5
16
31
48
62
69
66
54
35
14
-5
-19
-26
-28
-26
-25
-25
-28
-34
-39
-45
-49
-52
-56
-61
-65
-69
-68
-61
-46
-24
3
29
52
66
71
68
58
46
33
22
12
4
-3
-9
-12
-12
-7
3
18
34
49
59
62
58
47
33
17
4
-6
-13
-17
-20
-22
-25
-28
-31
-33
-36
-40
-44
-51
-58
-65
-69
-69
-63
-51
-33
-11
12
32
47
57
60
57
51
41
31
20
10
1
-5
-10
-11
-8
-2
7
19
30
41
49
52
50
44
35
24
12
2
-6
-11
-15
-17
-18
-20
-23
-26
-30
-35
-41
-46
-52
-57
-61
-62
-60
-54
-42
-27
-8
10
27
40
48
50
48
42
34
26
18
11
5
0
-4
-6
-5
-1
6
16
26
36
42
45
44
39
31
23
15
8
3
-1
-5
-9
-12
-15
-19
-22
-25
-28
-33
-38
-43
-49
-54
-57
-56
-51
-41
-28
-13
2
16
27
35
39
41
40
38
34
28
21
12
4
-4
-9
-10
-5
4
18
34
49
60
65
62
53
39
23
9
-1
-6
-8
-7
-7
-10
-17
-28
-43
-59
-76
-90
-100
-104
-102
-92
-74
-48
-17
15
44
64
71
63
42
13
-16
-36
-42
-32
-8
22
50
66
68
54
32
9
-6
-7
6
30
55
73
79
70
50
24
2
-13
-17
-13
-7
-5
-12
-29
-53
-78
-100
-112
-113
-103
-84
-59
-32
-5
19
40
55
61
56
40
16
-10
-30
-38
-29
-6
25
55
73
74
57
28
-1
-21
-22
-4
28
62
87
93
80
53
20
-7
-20
-17
-3
12
20
14
-8
-40
-73
-100
-115
-115
-104
-87
-68
-49
-31
-10
13
38
58
69
64
43
10
-24
-49
-55
-39
-4
38
72
87
78
49
10
-23
-37
-27
4
45
81
99
94
69
33
0
-20
-22
-9
9
23
22
5
-25
-60
-90
-108
-112
-103
-88
-71
-56
-42
-26
-6
18
43
61
67
55
29
-6
-36
-53
-48
-22
16
53
77
79
59
25
-10
-32
-32
-12
23
60
85
91
77
48
17
-6
-14
-8
7
22
27
17
-6
-36
-66
-89
-100
-101
-94
-84
-73
-62
-49
-29
-3
26
53
70
69
51
18
-18
-47
-57
-45
-13
26
61
80
75
50
15
-18
-35
-32
-8
27
62
83
86
71
44
16
-4
-10
-3
10
21
23
11
-13
-42
-69
-89
-98
-98
-91
-81
-70
-57
-42
-20
6
34
57
68
62
40
7
-27
-49
-53
-35
-2
36
65
76
65
37
2
-26
-37
-26
3
39
70
86
82
61
32
6
-10
-11
0
15
25
22
6
-22
-53
-81
-98
-104
-99
-88
-73
-58
-41
-22
1
26
49
63
63
47
18
-15
-42
-53
-44
-15
22
57
76
73
49
14
-19
-38
-35
-11
25
61
85
88
72
43
12
-8
-14
-6
10
24
27
14
-13
-46
-78
-100
-109
-105
-91
-73
-54
-34
-14
7
29
48
59
58
43
16
-15
-41
-50
-40
-11
27
60
78
73
47
10
-24
-43
-38
-11
28
66
89
91
71
39
7
-14
-18
-6
12
27
29
13
-17
-55
-88
-110
-115
-106
-86
-62
-38
-17
2
20
37
51
56
51
33
6
-23
-43
-47
-31
1
38
67
77
65
34
-4
-35
-46
-33
0
41
76
92
85
59
24
-6
-21
-17
0
21
33
28
4
-33
-72
-104
-119
-116
-98
-72
-44
-20
0
17
32
44
51
50
37
15
-12
-35
-46
-37
-11
24
58
76
72
47
10
-26
-46
-42
-15
26
65
89
90
67
32
-2
-23
-24
-7
17
35
36
17
-19
-62
-99
-119
-119
-101
-72
-41
-14
5
18
28
36
42
43
36
19
-4
-26
-39
-37
-17
15
48
70
72
51
16
-20
-44
-45
-22
17
59
87
92
72
36
-1
-27
-32
-17
8
30
36
20
-16
-61
-101
-124
-125
-104
-69
-30
3
25
36
39
38
34
27
18
4
-12
-25
-29
-21
0
28
54
67
62
38
4
-28
-45
-39
-12
27
64
86
83
59
22
-12
-31
-29
-9
17
37
37
14
-26
-73
-110
-127
-120
-92
-53
-15
15
31
36
35
31
27
23
15
4
-10
-22
-26
-17
4
31
55
66
58
33
-1
-31
-44
-34
-3
38
74
91
83
53
12
-23
-42
-38
-16
10
26
22
-6
-51
-97
-130
-137
-115
-71
-18
29
61
70
61
40
15
-5
-17
-20
-18
-10
0
13
27
40
49
49
39
20
-2
-20
-26
-16
8
40
67
80
73
47
10
-23
-44
-46
-32
-11
2
-1
-24
-62
-100
-125
-125
-96
-45
14
64
92
92
67
27
-14
-42
-52
-41
-17
12
38
54
57
50
35
19
4
-6
-8
-4
8
24
40
52
55
48
31
7
-17
-36
-45
-46
-41
-38
-41
-53
-71
-88
-94
-82
-50
-4
45
82
97
85
48
1
-43
-67
-65
-38
5
49
79
88
74
44
10
-15
-25
-17
4
29
48
56
51
35
16
-3
-16
-24
-29
-34
-44
-58
-74
-88
-94
-90
-72
-42
-6
30
59
75
74
57
29
-4
-31
-46
-45
-27
3
37
65
79
76
56
28
1
-17
-20
-8
14
37
53
56
43
20
-9
-34
-52
-61
-64
-66
-71
-78
-85
-85
-72
-45
-5
40
77
97
93
65
23
-22
-55
-67
-53
-19
23
62
85
87
70
42
12
-9
-16
-9
8
26
40
43
35
19
-1
-21
-39
-54
-66
-78
-89
-96
-96
-85
-62
-28
13
53
82
94
86
59
21
-18
-47
-58
-49
-23
13
48
73
83
76
56
30
7
-7
-9
-1
13
26
32
29
17
-3
-27
-50
-69
-84
-93
-97
-95
-85
-65
-36
1
40
74
95
97
79
45
3
-35
-58
-61
-43
-10
28
61
80
81
67
45
22
6
0
2
9
15
16
9
-5
-22
-40
-55
-68
-77
-84
-88
-86
-77
-57
-27
11
50
82
99
96
74
38
-1
-34
-51
-49
-31
-2
28
51
63
62
53
41
30
24
22
21
18
10
-3
-20
-38
-54
-65
-72
-76
-77
-77
-74
-66
-50
-26
5
39
68
86
89
75
50
19
-9
-27
-32
-24
-8
12
29
39
43
43
40
38
37
36
33
25
11
-9
-32
-54
-72
-85
-91
-91
-86
-77
-65
-48
-27
-2
25
51
70
80
78
64
44
21
1
-11
-15
-10
-1
9
17
23
26
29
32
36
40
41
36
25
6
-18
-44
-68
-87
-98
-101
-96
-85
-68
-48
-26
-2
22
44
60
70
71
65
53
38
25
14
8
5
5
5
4
3
2
2
4
8
14
18
19
15
7
-5
-18
-29
-36
-39
-38
-35
-32
-29
-27
-25
-23
-20
-15
-8
-2
4
9
12
15
17
20
24
28
31
32
31
28
24
20
17
16
15
15
14
11
7
2
-3
-8
-12
-15
-18
-22
-26
-31
-35
-39
-41
-41
-37
-32
-25
-18
-11
-4
2
9
17
24
30
34
37
37
35
32
29
27
25
24
22
20
16
11
6
0
-5
-9
-13
-17
-21
-25
-30
-34
-38
-40
-40
-39
-36
-33
-29
-24
-18
-11
-3
5
14
22
28
33
35
36
35
34
32
31
29
26
23
18
13
8
3
-2
-6
-9
-12
-15
-18
-21
-23
-25
-26
-26
-26
-26
-26
-25
-24
-23
-20
-15
-10
-3
3
10
15
19
22
25
26
27
27
26
25
22
19
16
13
10
7
5
2
-1
-4
-8
-11
-13
-14
-15
-15
-15
-14
-14
-15
-15
-15
-15
-14
-12
-10
-8
-5
-3
-1
2
5
7
10
12
13
14
14
13
13
12
12
12
12
11
9
7
5
2
0
-3
-5
-6
-8
-9
-10
-10
-11
-11
-10
-9
-8
-7
-6
-5
-4
-3
-2
-1
0
1
2
2
3
3
3
4
4
5
6
6
7
7
6
5
4
3
2
1
0
-1
-2
-4
-5
-5
-6
-6
-6
-5
-5
-5
-4
-4
-3
-3
-2
-1
0
1
2
2
2
3
3
3
4
4
4
4
3
2
2
1
1
1
1
1
0
0
-1
-1
-2
-2
-2
-2
-1
-1
-1
-1
-1
-1
-1
0
0
1
1
1
1
1
1
1
1
1
1
1
1
1
1
1
1
1
1
1
1
0
0
0
-1
-1
0
0
0
0
0
0
0
0
0
1
1
1
1
1
1
1
1
0
0
0
0
0
0
0
0
-1
-1
-1
-1
0
0
0
1
2
3
4
5
7
8
8
8
6
3
-1
-4
-7
-8
-8
-6
-3
0
3
6
7
7
6
4
3
1
0
-1
-2
-2
-2
-2
-2
-2
-2
-2
-2
-2
-3
-3
-3
-2
-2
-1
0
1
1
1
0
-1
-1
-1
-1
0
0
0
0
0
-1
-2
-2
-2
-2
-1
0
0
0
0
0
0
0
0
1
1
1
1
1
0
0
0
0
1
1
2
2
3
4
5
7
9
10
11
10
7
3
-2
-8
-12
-14
-13
-10
-4
2
7
10
10
8
4
0
-4
-6
-6
-4
-3
-1
0
-1
-2
-3
-4
-3
-2
0
1
2
2
1
-1
-2
-4
-4
-3
-2
-1
0
0
0
-1
-1
-1
0
1
2
2
2
1
0
-1
-1
-1
0
1
2
3
2
1
0
-1
-1
-1
-1
0
0
0
-1
-1
-1
-1
0
1
1
2
2
1
0
-1
-1
0
1
3
5
6
7
6
5
3
1
-1
-2
-3
-4
-4
-4
-3
-2
0
1
2
3
3
3
2
1
0
0
-1
-1
-2
-2
-2
-3
-2
-2
-1
-1
0
1
1
0
0
-1
-1
-1
-1
-1
-1
-1
-1
-1
-1
-1
0
0
0
0
-1
-1
-2
-2
-2
-1
-1
0
1
1
1
1
1
0
0
0
0
0
-1
-2
-2
-2
-2
-2
-1
0
0
0
0
-1
-1
-2
-2
-2
-2
-2
-2
-1
-1
-1
-1
-1
-1
-1
-2
-2
-3
-4
-5
-6
-6
-7
-8
-9
-12
-15
-18
-21
-23
-24
-23
-20
-16
-11
-5
1
7
13
19
24
27
29
30
28
24
19
13
7
1
-3
-5
-5
-4
-2
1
4
7
9
11
13
15
16
17
17
17
16
15
13
10
8
6
5
3
2
1
0
-1
-2
-3
-3
-4
-4
-4
-3
-3
-3
-3
-3
-3
-3
-3
-3
-3
-3
-4
-4
-4
-5
-5
-4
-4
-3
-2
-2
-1
-1
-1
-1
-1
-1
-1
-1
-1
-2
-3
-4
-4
-5
-5
-5
-5
-5
-4
-4
-4
-4
-4
-3
-2
-1
0
1
2
2
3
3
3
4
4
4
3
3
2
1
0
0
-1
-1
-1
-1
-1
-1
-1
-1
-1
0
0
1
1
1
2
2
2
2
2
2
2
3
2
2
2
2
1
1
1
1
1
0
0
0
0
0
-1
-1
-1
-1
-1
-1
-1
-1
-1
-1
-1
-1
0
0
0
0
0
0
1
1
1
1
1
1
1
1
1
0
0
0
0
0
-1
-1
-1
-1
-2
-2
-2
-1
-1
-1
-1
-1
-1
0
0
0
0
1
1
1
1
1
1
1
0
0
0
0
0
-1
-1
-1
-1
-1
-1
-1
-1
-1
0
0
0
0
0
0
0
0
0
0
0
0
0
0
0
0
0
1
1
1
0
0
0
0
0
0
0
0
0
0
0
0
0
0
0
0
0
0
0
0
0
0
0
0
0
0
0
0
0
0
0
0
0
0
0
0
0
0
0
0
0
0
0
0
0
0
0
0
0
0
0
0
0
0
0
0
0
0
0
0
0
0
0
0
0
0
0
0
0
0
0
0
0
0
0
0
0
0
0
0
0
0
0
0
0
0
0
0
0
0
0
0
0
0
0
0
0
0
0
0
0
0
0
0
0
0
0
0
0
0
0
0
0
0
0
0
0
0
0
0
0
0
0
0
0
0
0
0
0
0
0
0
0
0
0
0
0
0
0
0
0
0
0
0
0
0
0
0
0
0
0
0
0
0
0
0
0
0
0
0
0
0
0
0
0
0
0
0
1
1
1
1
0
0
0
0
0
0
0
0
0
0
0
0
0
0
0
0
0
0
0
0
0
0
0
0
0
0
0
0
0
0
0
-1
-1
-1
-1
-1
-1
-1
-1
-1
-1
0
0
0
0
0
0
0
0
0
0
0
0
0
0
0
0
0
0
0
0
0
0
0
0
0
0
0
0
0
0
0
0
0
0
0
0
0
0
0
0
0
0
0
0
0
0
0
0
0
0
0
0
0
0
0
0
0
0
0
0
0
0
0
0
0
0
0
0
0
0
0
0
0
0
0
0
0
0
0
0
0
0
0
0
0
0
0
0
0
0
0
0
0
0
0
0
0
0
0
0
0
0
0
0
0
0
0
0
0
0
0
0
0
0
0
0
0
0
0
0
0
0
0
0
0
0
0
0
0
0
0
0
0
0
0
0
0
0
0
0
0
0
0
0
0
0
0
0
0
0
0
0
0
0
0
1
1
1
1
1
1
1
1
1
1
1
2
2
3
3
3
4
3
3
3
2
2
1
1
2
2
3
4
5
6
6
7
9
10
12
15
17
20
21
22
22
20
17
14
10
7
4
2
2
2
3
5
7
9
11
12
13
14
14
13
12
10
8
6
4
2
1
-1
-1
-2
-2
-3
-4
-5
-6
-7
-7
-8
-9
-10
-10
-11
-13
-14
-15
-16
-17
-17
-18
-18
-18
-19
-19
-20
-20
-20
-20
-19
-18
-17
-16
-15
-15
-15
-16
-17
-18
-18
-18
-17
-16
-14
-13
-12
-11
-11
-11
-12
-12
-12
-12
-11
-11
-10
-9
-8
-8
-6
-5
-3
-1
2
4
6
7
7
6
5
4
3
3
2
3
3
3
3
3
2
2
2
2
3
4
5
5
6
6
5
4
2
1
1
0
1
1
2
3
3
4
4
5
5
6
7
7
7
6
5
3
1
0
-2
-3
-3
-3
-2
-1
-1
-1
-1
-2
-2
-3
-3
-3
-3
-3
-2
-2
-3
-2
-2
-2
-1
-1
0
1
2
3
4
5
7
9
11
13
14
16
16
16
15
14
12
9
5
0
-6
-12
-19
-25
-30
-35
-38
-39
-39
-37
-33
-27
-19
-9
2
14
27
38
49
57
63
67
67
66
61
55
47
36
25
12
0
-13
-24
-35
-45
-53
-60
-66
-70
-73
-74
-72
-66
-57
-45
-29
-10
10
30
49
65
78
88
94
95
93
88
78
65
50
34
16
0
-14
-26
-34
-41
-47
-52
-58
-65
-73
-81
-86
-88
-85
-76
-62
-44
-23
0
22
43
62
78
90
98
101
99
92
81
65
48
30
13
-1
-13
-21
-27
-32
-37
-44
-51
-61
-72
-84
-94
-101
-104
-101
-91
-74
-52
-27
1
29
54
76
94
106
112
112
107
96
81
63
43
23
5
-9
-19
-26
-29
-32
-35
-40
-48
-59
-72
-85
-96
-103
-105
-100
-88
-70
-47
-21
7
35
61
84
102
114
120
118
110
97
79
59
38
19
2
-11
-20
-26
-29
-32
-35
-40
-48
-59
-71
-84
-94
-101
-102
-96
-83
-65
-41
-14
14
41
67
89
107
119
124
123
115
101
83
62
41
21
4
-9
-18
-23
-26
-29
-33
-39
-47
-58
-70
-83
-93
-99
-100
-94
-82
-65
-42
-16
12
40
65
88
106
118
123
123
115
102
85
65
44
24
6
-7
-17
-23
-27
-30
-33
-39
-47
-58
-69
-81
-91
-97
-97
-92
-81
-65
-43
-18
8
35
60
82
100
113
119
119
113
101
84
65
45
25
8
-7
-17
-24
-29
-33
-37
-42
-50
-60
-71
-83
-92
-99
-100
-97
-87
-72
-53
-30
-4
22
47
70
89
103
111
113
109
99
85
67
47
28
10
-5
-16
-24
-29
-33
-36
-41
-47
-55
-65
-75
-85
-92
-95
-94
-87
-75
-58
-38
-15
9
33
56
76
92
103
109
109
104
93
78
60
42
24
8
-5
-15
-22
-28
-32
-36
-41
-48
-56
-64
-73
-80
-85
-86
-82
-74
-61
-45
-25
-4
18
39
59
76
90
99
103
102
96
85
71
54
37
21
7
-5
-14
-21
-26
-30
-34
-38
-44
-51
-58
-65
-70
-73
-74
-71
-64
-55
-42
-26
-8
11
31
49
66
80
90
95
95
91
83
71
57
41
26
12
-1
-11
-19
-26
-31
-35
-40
-45
-51
-57
-63
-68
-71
-72
-69
-64
-55
-43
-28
-11
7
26
43
60
73
83
89
90
87
79
68
55
40
26
12
-1
-11
-19
-24
-28
-31
-34
-37
-41
-46
-51
-56
-61
-63
-64
-61
-55
-46
-34
-20
-4
13
30
46
59
70
77
80
79
74
66
55
42
29
16
4
-6
-13
-19
-22
-24
-26
-29
-32
-36
-40
-45
-49
-52
-52
-51
-47
-41
-33
-24
-14
-3
9
21
32
43
51
57
60
59
56
49
42
33
24
15
8
1
-4
-8
-11
-14
-16
-18
-21
-24
-27
-30
-32
-34
-35
-35
-34
-32
-28
-24
-19
-12
-5
2
10
17
24
29
33
35
36
36
34
31
28
24
19
14
8
3
-1
-5
-8
-9
-11
-12
-13
-15
-17
-19
-21
-22
-21
-20
-18
-16
-14
-13
-10
-8
-5
-1
3
8
12
15
18
19
20
20
20
19
18
17
15
12
9
5
1
-2
-5
-7
-8
-9
-10
-11
-11
-12
-13
-13
-13
-13
-12
-10
-9
-7
-5
-3
-1
2
3
5
6
7
8
8
9
9
9
9
9
8
7
6
4
3
1
0
-1
-2
-3
-4
-4
-5
-5
-5
-5
-5
-5
-5
-4
-4
-4
-3
-3
-2
-1
0
1
1
1
1
2
2
3
3
4
4
3
3
2
1
0
0
0
0
0
-1
-1
-2
-2
-2
-2
-2
-1
-1
0
0
-1
-1
-1
-1
-1
0
0
1
1
1
1
1
1
1
1
1
1
1
0
0
0
-1
-1
0
0
0
1
1
1
1
0
0
1
1
1
1
1
1
1
0
0
0
0
0
0
1
0
0
0
0
0
0
0
0
0
0
-1
-1
-1
0
0
0
0
0
0
0
-1
-1
-1
0
0
1
1
2
2
2
1
1
1
1
1
1
0
0
-1
-1
-1
-1
-1
-1
0
0
0
0
0
0
-1
-1
-1
0
0
0
0
1
1
1
1
1
1
1
1
1
0
0
0
0
0
0
0
0
0
0
0
0
0
-1
-1
-1
0
0
0
0
0
0
0
0
0
0
0
0
0
0
-1
-1
-1
-1
-1
-1
0
0
0
0
0
0
0
0
0
0
0
0
0
0
0
0
0
0
0
0
0
0
0
0
0
0
0
0
0
0
0
1
1
0
0
0
0
-1
-1
-1
-1
-1
0
0
0
0
1
1
1
0
0
0
0
0
0
0
0
0
0
0
0
0
1
1
1
1
0
0
0
0
0
0
0
0
0
0
0
0
-1
-1
-1
-1
-1
-1
-1
-1
-1
0
0
0
0
0
0
0
0
0
-1
-1
-1
-1
-1
-1
0
0
0
0
0
0
0
0
0
0
0
0
0
0
0
0
0
0
0
0
0
0
0
0
-1
-1
-1
-1
-1
0
0
1
1
1
1
0
0
-1
-1
0
0
1
1
1
1
0
0
-1
-1
-1
-1
-1
0
0
0
0
0
0
0
0
1
1
0
0
0
0
0
0
0
0
1
0
0
0
-1
-1
-1
-1
-1
-1
0
0
0
0
0
0
0
0
0
0
0
0
0
0
0
0
0
0
0
0
0
0
0
0
0
0
0
0
0
0
0
0
-1
-1
-1
-1
-1
-1
0
0
1
1
1
0
0
0
0
0
0
0
0
0
-1
-1
-1
-1
-1
-1
-1
0
1
1
1
1
1
1
1
2
1
1
1
0
-1
-1
-2
-2
-2
-2
-1
0
0
1
1
1
2
2
2
2
2
1
-1
-2
-3
-3
-3
-2
-1
0
1
2
1
1
0
-1
-2
-2
-2
-2
-1
-1
-1
-1
-1
-1
-1
0
0
1
1
1
0
0
-1
-1
-1
-1
-1
0
0
0
0
0
0
0
0
1
1
1
1
0
0
-1
-1
-1
-1
-1
0
0
0
0
-1
-2
-2
-2
-2
-2
-1
0
0
1
2
2
2
2
2
2
1
0
-1
-2
-3
-3
-3
-3
-2
-2
-1
-1
-1
-1
-1
-2
-2
-2
-2
-3
-3
-3
-2
-2
-1
0
2
3
4
5
6
6
6
5
5
5
5
4
4
4
3
1
-1
-4
-8
-11
-15
-19
-22
-24
-25
-25
-24
-21
-17
-12
-6
0
8
15
22
28
33
36
38
38
37
33
29
24
18
12
6
-1
-9
-17
-26
-35
-45
-53
-59
-63
-62
-58
-49
-36
-19
-1
17
33
46
55
58
57
51
42
33
23
15
10
8
8
10
14
19
23
25
25
21
12
-2
-20
-41
-62
-80
-92
-96
-90
-74
-50
-21
9
36
58
73
78
76
66
52
35
18
2
-10
-17
-19
-16
-7
6
21
35
45
49
46
33
13
-13
-43
-71
-96
-112
-117
-111
-94
-67
-34
2
36
64
83
93
91
81
63
42
20
0
-15
-23
-25
-20
-10
4
19
34
46
53
52
42
24
0
-29
-59
-85
-105
-114
-112
-98
-74
-44
-11
21
49
70
81
83
76
63
46
27
9
-5
-14
-18
-16
-9
1
13
25
35
41
42
38
27
11
-9
-31
-52
-70
-82
-87
-84
-74
-57
-36
-14
7
26
40
48
51
49
43
35
25
17
9
5
2
2
4
8
12
16
19
21
21
19
15
8
-1
-12
-22
-32
-39
-44
-45
-42
-38
-31
-24
-17
-10
-3
2
8
12
16
18
20
21
21
21
20
19
17
16
14
12
10
8
7
6
6
6
5
4
2
-1
-4
-7
-10
-13
-15
-16
-18
-20
-22
-23
-23
-22
-19
-14
-9
-3
2
7
10
13
15
16
17
17
16
15
12
10
8
6
6
7
8
10
10
10
9
7
4
1
-2
-4
-7
-9
-12
-15
-17
-19
-20
-19
-17
-15
-12
-10
-8
-6
-4
-2
0
3
6
8
10
11
11
11
10
11
11
12
13
13
13
12
10
8
5
3
1
-1
-2
-4
-6
-8
-10
-11
-12
-12
-12
-12
-12
-12
-11
-11
-10
-8
-6
-3
-1
2
4
5
7
8
9
10
11
12
13
12
12
11
10
9
7
6
4
3
1
-1
-4
-6
-7
-9
-10
-10
-10
-10
-10
-10
-9
-8
-7
-6
-4
-3
-2
0
1
2
3
5
6
7
8
8
8
8
8
8
8
7
7
6
5
3
1
0
-1
-2
-3
-4
-5
-5
-5
-6
-6
-5
-5
-4
-4
-3
-2
-2
-1
-1
0
1
2
2
3
3
3
3
3
3
3
3
3
3
3
2
1
1
0
0
0
0
0
0
0
-1
-1
-2
-2
-2
-2
-1
-1
-1
0
0
0
0
0
1
1
1
1
1
1
1
1
1
1
1
1
1
1
0
0
0
0
0
0
0
0
0
0
0
0
0
0
0
0
0
0
0
0
0
0
1
1
1
1
1
1
1
0
0
0
0
0
0
0
0
0
0
1
1
1
1
1
0
0
0
0
0
0
0
1
1
0
0
0
0
0
0
0
0
1
0
0
0
0
0
0
0
0
0
0
0
0
0
0
0
0
0
0
1
1
1
0
0
0
0
0
0
0
0
0
0
0
0
0
0
0
-1
-1
-1
-1
-1
-1
0
0
0
0
0
0
0
0
0
0
0
0
0
0
0
0
0
0
0
0
0
0
0
0
0
0
0
0
0
0
0
-1
-1
-1
-1
-1
-1
-1
-1
-1
-1
-2
-2
-2
-2
-2
-2
-2
-2
-3
-3
-3
-3
-4
-4
-4
-4
-4
-5
-5
-5
-6
-6
-6
-6
-6
-6
-6
-5
-5
-5
-5
-4
-4
-4
-3
-3
-3
-2
-2
-1
0
0
1
2
2
3
3
3
4
4
4
4
4
5
5
5
6
6
6
6
6
6
6
6
6
6
6
5
5
5
5
5
5
4
4
4
4
4
4
3
3
3
3
2
2
1
1
1
1
1
0
0
0
0
0
0
0
0
0
-1
-1
-1
-1
-1
-1
-1
-1
-1
-1
-1
-1
-1
-1
-1
-1
-2
-2
-2
-2
-2
-2
-1
-1
-1
-1
-1
-1
-1
-1
-1
-1
-1
-1
-1
-1
-1
-1
-1
0
0
0
0
0
0
0
0
0
0
0
0
0
0
0
0
0
0
0
0
0
0
0
0
0
0
0
0
0
0
0
0
0
0
0
0
0
0
0
0
0
0
0
0
0
0
0
0
0
0
0
0
0
0
0
0
0
0
0
0
0
0
0
0
0
0
0
0
0
0
0
0
0
0
0
0
0
0
0
0
0
0
0
0
0
0
0
0
0
0
0
0
0
0
0
0
0
0
0
0
0
-1
-1
-1
-1
-1
-1
-1
-1
-1
-1
-1
-1
-1
-1
-1
-1
-1
-1
-1
-1
-1
0
0
0
0
-1
-1
-1
-1
0
0
0
0
0
0
0
0
0
0
0
0
0
0
0
0
0
0
0
0
0
0
0
0
0
0
0
0
0
0
0
0
0
0
0
0
0
0
0
0
0
0
0
0
0
0
0
0
0
0
0
0
0
0
0
0
0
0
0
0
0
0
0
0
0
0
0
0
0
0
0
0
0
0
0
0
0
0
0
0
0
0
0
0
0
0
0
0
0
0
0
0
0
0
0
0
0
0
0
0
0
0
0
0
0
0
0
0
0
0
0
0
0
0
0
0
0
0
0
0
0
0
0
0
0
0
0
0
0
0
0
0
0
0
0
0
0
0
0
0
0
0
0
0
0
0
0
0
0
0
0
0
0
0
0
0
0
0
0
0
0
0
0
0
0
0
0
0
0
0
0
0
0
0
0
0
0
0
0
0
0
0
0
0
0
0
0
0
0
0
0
0
0
0
0
0
0
0
0
0
0
0
0
0
0
0
0
0
0
0
0
0
0
0
0
0
0
0
0
0
0
0
0
0
0
0
0
0
0
0
0
0
0
0
0
0
0
0
0
0
0
0
0
0
0
0
0
0
0
0
0
0
0
0
0
0
0
0
0
0
0
0
0
0
0
0
0
0
0
0
0
0
0
0
0
0
0
0
0
0
0
0
0
0
0
0
1
1
